1.809168e-01	3.069065e-01	3.258306e-01	1.863461e-01	
2.438763e-01	2.285035e-01	2.462474e-01	2.813728e-01	
2.248663e-01	2.621921e-01	2.627150e-01	2.502266e-01	
2.754556e-01	2.349932e-01	2.262948e-01	2.632564e-01	
2.619887e-01	2.684467e-01	2.417501e-01	2.278145e-01	
2.885287e-01	2.548210e-01	2.166572e-01	2.399931e-01	
2.582645e-01	2.740914e-01	2.458193e-01	2.218248e-01	
2.806022e-01	2.208189e-01	2.419983e-01	2.565806e-01	
2.389160e-01	2.270122e-01	2.817470e-01	2.523248e-01	
2.206069e-01	2.170266e-01	2.949511e-01	2.674154e-01	
2.075624e-01	2.192421e-01	2.960412e-01	2.771543e-01	
2.032152e-01	2.281277e-01	2.842866e-01	2.843705e-01	
2.062324e-01	2.439029e-01	2.689669e-01	2.808978e-01	
2.278050e-01	2.649042e-01	2.421290e-01	2.651618e-01	
2.242296e-01	2.981320e-01	2.540968e-01	2.235416e-01	
3.063575e-01	2.421832e-01	2.263438e-01	2.251155e-01	
3.103449e-01	2.506495e-01	2.107488e-01	2.282568e-01	
2.803926e-01	2.648136e-01	2.278145e-01	2.269793e-01	
2.764113e-01	2.381939e-01	2.367470e-01	2.486478e-01	
2.676711e-01	2.135113e-01	2.662815e-01	2.525361e-01	
2.317528e-01	2.013382e-01	2.963955e-01	2.705135e-01	
2.065798e-01	2.010840e-01	3.101278e-01	2.822084e-01	
1.918544e-01	2.097677e-01	3.058956e-01	2.924823e-01	
1.930268e-01	2.234507e-01	2.799569e-01	3.035656e-01	
1.690750e-01	2.851211e-01	2.843319e-01	2.614720e-01	
2.532268e-01	2.330288e-01	2.310246e-01	2.827198e-01	
2.740187e-01	2.777136e-01	2.272830e-01	2.209847e-01	
3.183447e-01	2.835646e-01	1.961836e-01	2.019071e-01	
3.353075e-01	2.566945e-01	1.868565e-01	2.211415e-01	
2.318229e-01	2.748346e-01	2.876732e-01	2.056693e-01	
2.648732e-01	1.787429e-01	2.800714e-01	2.763125e-01	
1.960816e-01	1.972128e-01	3.201914e-01	2.865142e-01	
1.897709e-01	2.035940e-01	3.057384e-01	3.008967e-01	
1.830446e-01	2.263322e-01	2.940781e-01	2.965451e-01	
2.283454e-01	2.313262e-01	2.385285e-01	3.017999e-01	
2.830191e-01	2.582328e-01	2.049821e-01	2.537660e-01	
2.072134e-01	4.331364e-01	2.120074e-01	1.476428e-01	
2.363237e-01	3.676558e-01	2.069247e-01	1.890958e-01	
2.592814e-01	2.986399e-01	2.194103e-01	2.226684e-01	
3.130344e-01	2.005360e-01	2.209232e-01	2.655064e-01	
2.546928e-01	2.178780e-01	2.828832e-01	2.445460e-01	
2.292607e-01	1.997264e-01	2.937471e-01	2.772658e-01	
2.161776e-01	2.006608e-01	2.884412e-01	2.947204e-01	
2.107935e-01	2.099883e-01	2.736993e-01	3.055189e-01	
2.207408e-01	2.301422e-01	2.516720e-01	2.974450e-01	
2.102795e-01	2.996709e-01	2.525450e-01	2.375046e-01	
2.981489e-01	2.754353e-01	1.982116e-01	2.282042e-01	
3.102371e-01	2.985624e-01	2.004601e-01	1.907404e-01	
3.229645e-01	2.679112e-01	1.911902e-01	2.179341e-01	
2.688876e-01	2.647012e-01	2.628017e-01	2.036095e-01	
3.122406e-01	1.692380e-01	2.414507e-01	2.770707e-01	
2.220673e-01	1.984040e-01	2.955033e-01	2.840254e-01	
2.054449e-01	2.017879e-01	3.038443e-01	2.889229e-01	
1.902325e-01	2.173736e-01	3.074137e-01	2.849802e-01	
1.926953e-01	2.308567e-01	2.896977e-01	2.867503e-01	
1.539388e-01	3.364209e-01	2.777310e-01	2.319093e-01	
2.762609e-01	2.633195e-01	2.000447e-01	2.603749e-01	
2.874034e-01	3.402219e-01	2.023575e-01	1.700172e-01	
3.638682e-01	3.137240e-01	1.489970e-01	1.734108e-01	
2.980085e-01	3.266082e-01	2.016727e-01	1.737106e-01	
3.046190e-01	2.219871e-01	2.361294e-01	2.372645e-01	
2.268510e-01	2.174624e-01	2.987283e-01	2.569583e-01	
2.072820e-01	2.056703e-01	3.072213e-01	2.798264e-01	
1.979934e-01	2.085278e-01	2.980077e-01	2.954711e-01	
2.005882e-01	2.200232e-01	2.730289e-01	3.063597e-01	
2.010132e-01	2.574772e-01	2.675672e-01	2.739424e-01	
3.028361e-01	2.179400e-01	2.116247e-01	2.675992e-01	
2.602296e-01	3.278798e-01	2.251469e-01	1.867437e-01	
3.042104e-01	2.897423e-01	1.904784e-01	2.155689e-01	
2.313808e-01	3.231992e-01	2.442183e-01	2.012017e-01	
3.158649e-01	1.855711e-01	2.379955e-01	2.605685e-01	
2.343837e-01	2.088066e-01	2.946069e-01	2.622028e-01	
2.161806e-01	1.991137e-01	2.996547e-01	2.850510e-01	
2.037762e-01	2.047573e-01	2.959502e-01	2.955163e-01	
1.982510e-01	2.175835e-01	2.848375e-01	2.993280e-01	
2.075449e-01	2.369731e-01	2.636634e-01	2.918186e-01	
2.018689e-01	2.949423e-01	2.578966e-01	2.452922e-01	
2.982823e-01	2.545972e-01	2.062633e-01	2.408572e-01	
2.937046e-01	3.039213e-01	2.106300e-01	1.917441e-01	
3.259646e-01	2.653180e-01	1.895744e-01	2.191430e-01	
2.489394e-01	2.696821e-01	2.604877e-01	2.208908e-01	
2.279970e-01	2.263219e-01	2.878493e-01	2.578318e-01	
2.229089e-01	1.968961e-01	3.025429e-01	2.776521e-01	
2.088510e-01	1.973686e-01	2.960476e-01	2.977328e-01	
2.056098e-01	2.062100e-01	2.794722e-01	3.087080e-01	
2.168261e-01	2.269570e-01	2.572727e-01	2.989442e-01	
2.287199e-01	2.950793e-01	2.367078e-01	2.394930e-01	
3.156367e-01	3.088897e-01	1.745011e-01	2.009725e-01	
3.156546e-01	3.647666e-01	1.705510e-01	1.490278e-01	
3.386595e-01	2.903384e-01	1.723625e-01	1.986396e-01	
2.871775e-01	2.518221e-01	2.549371e-01	2.060633e-01	
3.091137e-01	1.726305e-01	2.449003e-01	2.733555e-01	
2.337464e-01	1.891452e-01	2.841306e-01	2.929778e-01	
2.166298e-01	1.905659e-01	2.858671e-01	3.069372e-01	
2.013886e-01	2.053675e-01	2.893824e-01	3.038615e-01	
1.943467e-01	2.258412e-01	2.873391e-01	2.924730e-01	
1.976410e-01	2.740059e-01	2.683292e-01	2.600239e-01	
2.266399e-01	3.100663e-01	2.122684e-01	2.510254e-01	
2.717856e-01	3.222039e-01	2.118809e-01	1.941296e-01	
2.976164e-01	3.156588e-01	1.925353e-01	1.941895e-01	
3.199257e-01	2.535681e-01	2.217893e-01	2.047169e-01	
2.582435e-01	2.436468e-01	2.511790e-01	2.469307e-01	
2.328985e-01	2.174076e-01	2.947066e-01	2.549873e-01	
2.105250e-01	2.100318e-01	3.060913e-01	2.733519e-01	
2.010025e-01	2.150371e-01	2.948767e-01	2.890837e-01	
1.993230e-01	2.290431e-01	2.772062e-01	2.944277e-01	
2.163018e-01	2.555988e-01	2.459023e-01	2.821971e-01	
2.177863e-01	2.907231e-01	2.652765e-01	2.262141e-01	
2.759834e-01	2.814443e-01	2.236795e-01	2.188928e-01	
3.728705e-01	2.353898e-01	1.843724e-01	2.073673e-01	
4.306335e-01	2.143929e-01	1.497327e-01	2.052409e-01	
2.918323e-01	2.481727e-01	2.468927e-01	2.131023e-01	
2.001453e-01	2.545699e-01	3.159469e-01	2.293379e-01	
2.309432e-01	1.789800e-01	2.923707e-01	2.977061e-01	
2.047314e-01	1.889251e-01	3.011004e-01	3.052431e-01	
1.968688e-01	1.958751e-01	2.874537e-01	3.198024e-01	
1.835108e-01	2.573198e-01	2.744993e-01	2.846701e-01	
2.689758e-01	2.373434e-01	2.071819e-01	2.864989e-01	
2.577045e-01	3.349962e-01	2.200604e-01	1.872389e-01	
2.833914e-01	3.194505e-01	2.016354e-01	1.955227e-01	
2.774627e-01	2.748030e-01	2.218797e-01	2.258546e-01	
2.423375e-01	2.441009e-01	2.793643e-01	2.341973e-01	
2.736487e-01	1.774982e-01	2.679819e-01	2.808712e-01	
2.245776e-01	1.913024e-01	3.024855e-01	2.816345e-01	
2.093352e-01	1.916968e-01	2.928806e-01	3.060874e-01	
2.005724e-01	2.066606e-01	2.822667e-01	3.105003e-01	
2.010466e-01	2.326475e-01	2.703810e-01	2.959249e-01	
2.120387e-01	2.706103e-01	2.530352e-01	2.643158e-01	
2.590653e-01	2.473996e-01	2.523034e-01	2.412317e-01	
2.341618e-01	3.072805e-01	2.271228e-01	2.314349e-01	
2.544947e-01	3.112497e-01	2.253412e-01	2.089144e-01	
2.595906e-01	2.885079e-01	2.260058e-01	2.258957e-01	
2.840027e-01	2.355732e-01	2.263724e-01	2.540517e-01	
2.656129e-01	2.267137e-01	2.646027e-01	2.430707e-01	
2.433088e-01	2.066043e-01	2.810418e-01	2.690451e-01	
2.276055e-01	2.031092e-01	2.851904e-01	2.840949e-01	
2.187594e-01	2.073960e-01	2.774506e-01	2.963940e-01	
2.170251e-01	2.204016e-01	2.670087e-01	2.955646e-01	
2.249565e-01	2.412136e-01	2.542797e-01	2.795502e-01	
2.397867e-01	2.567122e-01	2.537461e-01	2.497550e-01	
2.482504e-01	2.827401e-01	2.263434e-01	2.426661e-01	
2.586919e-01	2.876699e-01	2.358993e-01	2.177389e-01	
2.676394e-01	2.648680e-01	2.294697e-01	2.380229e-01	
2.567714e-01	2.520334e-01	2.598973e-01	2.312979e-01	
2.437933e-01	2.412191e-01	2.558380e-01	2.591496e-01	
2.299556e-01	2.423765e-01	2.794662e-01	2.482017e-01	
3.068844e-01	1.811899e-01	1.866301e-01	3.252956e-01	
