3.688640e-02	4.613590e-02	5.650120e-02	4.139330e-02	8.524600e-02	6.178970e-02	8.151400e-02	7.835680e-02	7.582530e-02	6.723000e-02	5.058170e-02	1.321936e-01	4.591860e-02	5.334790e-02	5.765050e-02	2.942910e-02	
4.639360e-02	6.781030e-02	7.601100e-02	5.366140e-02	5.986910e-02	5.070350e-02	6.119470e-02	5.673620e-02	5.422320e-02	5.608430e-02	3.875590e-02	9.718400e-02	6.438040e-02	8.759400e-02	8.675340e-02	4.264500e-02	
5.371620e-02	5.748540e-02	6.272330e-02	5.094140e-02	8.128890e-02	5.306270e-02	6.035930e-02	6.748120e-02	7.064200e-02	5.575260e-02	3.193320e-02	1.043872e-01	6.980850e-02	6.869250e-02	7.127900e-02	4.044660e-02	
6.356450e-02	8.030440e-02	7.777860e-02	5.380810e-02	7.020980e-02	5.261070e-02	5.582560e-02	5.634710e-02	6.033630e-02	5.706740e-02	2.937860e-02	7.951250e-02	6.787810e-02	7.846420e-02	7.876730e-02	3.814680e-02	
6.534980e-02	7.469690e-02	6.793100e-02	5.401100e-02	9.092720e-02	5.707000e-02	5.611230e-02	6.433720e-02	6.883940e-02	5.429070e-02	2.817700e-02	9.044300e-02	6.341230e-02	6.876340e-02	6.443690e-02	3.120190e-02	
6.501490e-02	8.450920e-02	7.911090e-02	5.989370e-02	7.596610e-02	6.162320e-02	6.079700e-02	5.643470e-02	5.661640e-02	5.130740e-02	3.307640e-02	7.565700e-02	6.066710e-02	7.665160e-02	7.283500e-02	2.983940e-02	
6.339570e-02	6.122190e-02	7.167340e-02	6.197350e-02	8.827520e-02	5.331860e-02	6.467280e-02	6.782480e-02	6.591720e-02	4.505060e-02	3.815680e-02	9.669470e-02	6.301410e-02	6.122780e-02	6.749530e-02	3.008760e-02	
5.718770e-02	6.569300e-02	8.962020e-02	6.810130e-02	5.953750e-02	4.267440e-02	6.160950e-02	5.699750e-02	5.704950e-02	4.692250e-02	4.795910e-02	9.006720e-02	6.514130e-02	7.172230e-02	8.255820e-02	3.715880e-02	
4.074060e-02	5.526810e-02	8.302850e-02	5.987880e-02	5.799930e-02	3.847020e-02	6.823790e-02	6.230480e-02	6.143190e-02	5.349540e-02	6.040480e-02	1.064149e-01	6.043510e-02	6.979290e-02	8.327990e-02	3.881690e-02	
3.241870e-02	5.254520e-02	7.989000e-02	5.575300e-02	5.359300e-02	3.417520e-02	6.772180e-02	6.153660e-02	6.090510e-02	5.847810e-02	6.124840e-02	1.143195e-01	6.064560e-02	7.404360e-02	8.718100e-02	4.554520e-02	
2.833610e-02	5.235700e-02	7.484870e-02	5.202060e-02	5.403660e-02	3.503520e-02	6.693850e-02	6.323180e-02	6.106680e-02	6.253440e-02	5.397230e-02	1.184677e-01	5.977570e-02	7.820110e-02	8.852710e-02	5.065040e-02	
2.948840e-02	5.525570e-02	7.028610e-02	4.818500e-02	5.644730e-02	4.124450e-02	6.596240e-02	6.447350e-02	6.105690e-02	6.503200e-02	4.315540e-02	1.150423e-01	5.923980e-02	8.237070e-02	8.956300e-02	5.319700e-02	
3.698260e-02	6.081310e-02	6.424980e-02	4.418690e-02	6.484100e-02	5.280570e-02	6.193840e-02	6.431780e-02	6.384420e-02	6.678200e-02	3.157060e-02	1.067701e-01	6.213720e-02	8.450340e-02	8.437020e-02	4.988700e-02	
4.489990e-02	7.233250e-02	7.113860e-02	3.943400e-02	6.739440e-02	7.187340e-02	6.808710e-02	5.754930e-02	5.601140e-02	6.847470e-02	2.799390e-02	8.964900e-02	5.592390e-02	8.545140e-02	8.687720e-02	3.690930e-02	
5.996140e-02	6.352500e-02	6.277670e-02	3.796650e-02	1.082609e-01	6.297770e-02	6.500530e-02	6.188810e-02	7.454840e-02	5.544870e-02	2.458770e-02	9.951200e-02	6.358680e-02	6.023180e-02	7.397410e-02	2.574890e-02	
7.985600e-02	9.505680e-02	7.519080e-02	5.625390e-02	9.276350e-02	4.614280e-02	4.425670e-02	5.902020e-02	7.183220e-02	4.579840e-02	2.146990e-02	8.724330e-02	6.589320e-02	6.365150e-02	6.983140e-02	2.573940e-02	
7.103060e-02	9.972480e-02	7.879240e-02	6.079710e-02	8.929410e-02	5.060450e-02	5.085950e-02	5.989140e-02	6.123700e-02	4.285380e-02	2.523100e-02	8.142700e-02	5.883090e-02	7.163050e-02	7.293160e-02	2.486380e-02	
6.429720e-02	7.726680e-02	7.452870e-02	6.429990e-02	9.160390e-02	5.230950e-02	5.676620e-02	6.413400e-02	6.004640e-02	4.062130e-02	3.270900e-02	9.443780e-02	6.046380e-02	6.799630e-02	7.274310e-02	2.577610e-02	
6.455630e-02	6.247250e-02	8.090760e-02	6.847490e-02	7.298730e-02	4.429440e-02	5.944800e-02	6.146420e-02	6.166890e-02	3.977260e-02	4.361280e-02	9.169270e-02	6.845860e-02	6.697180e-02	8.231310e-02	3.090430e-02	
4.794930e-02	5.744380e-02	9.088770e-02	7.139030e-02	5.912400e-02	3.348520e-02	6.077880e-02	6.012330e-02	6.135330e-02	4.369460e-02	5.924940e-02	1.019842e-01	6.332620e-02	6.671460e-02	8.547960e-02	3.701570e-02	
3.188880e-02	4.966800e-02	8.694740e-02	6.324860e-02	5.108240e-02	2.800180e-02	6.422490e-02	5.802910e-02	6.076870e-02	5.159730e-02	7.025390e-02	1.137756e-01	6.283990e-02	7.181690e-02	8.870160e-02	4.715510e-02	
2.304860e-02	4.680950e-02	8.097050e-02	5.575120e-02	4.878640e-02	2.653390e-02	6.725170e-02	5.851200e-02	5.920910e-02	5.936980e-02	6.899270e-02	1.225562e-01	6.081030e-02	7.705450e-02	8.868070e-02	5.566290e-02	
2.122960e-02	4.763300e-02	7.225710e-02	5.073470e-02	5.182560e-02	2.935760e-02	6.550680e-02	6.307770e-02	6.024950e-02	6.447770e-02	5.495370e-02	1.262147e-01	5.972210e-02	8.198240e-02	8.723930e-02	6.353850e-02	
2.128240e-02	5.961440e-02	7.155490e-02	4.057510e-02	4.720500e-02	4.598310e-02	7.081490e-02	5.944770e-02	5.128040e-02	8.011930e-02	4.500570e-02	1.035515e-01	4.930720e-02	9.940430e-02	9.695640e-02	5.789770e-02	
3.516520e-02	4.354240e-02	5.310550e-02	3.726190e-02	8.309870e-02	5.671460e-02	6.780630e-02	7.750150e-02	7.286870e-02	6.429330e-02	2.833220e-02	1.188377e-01	6.209420e-02	6.847850e-02	8.178060e-02	4.911870e-02	
6.731900e-02	7.182800e-02	6.999580e-02	4.408400e-02	7.445710e-02	5.564560e-02	5.145050e-02	5.147560e-02	5.969890e-02	6.498510e-02	2.236420e-02	8.397640e-02	7.254370e-02	8.525490e-02	8.347250e-02	4.144870e-02	
8.235390e-02	8.219450e-02	6.609210e-02	4.337820e-02	1.094825e-01	6.862440e-02	5.012590e-02	4.948080e-02	6.229760e-02	5.995630e-02	1.922020e-02	8.580890e-02	6.421070e-02	7.278940e-02	6.074540e-02	2.323920e-02	
9.517390e-02	8.734830e-02	7.054890e-02	6.527360e-02	1.214591e-01	6.429380e-02	4.481850e-02	5.299320e-02	5.544420e-02	3.998910e-02	1.838120e-02	8.236910e-02	6.323030e-02	6.506330e-02	5.310790e-02	2.050560e-02	
6.511730e-02	9.081910e-02	1.063807e-01	7.299040e-02	7.573390e-02	7.008790e-02	6.395360e-02	4.691910e-02	4.254120e-02	3.872390e-02	3.904660e-02	6.654480e-02	4.843050e-02	7.520370e-02	7.829230e-02	1.921500e-02	
4.936500e-02	4.375040e-02	7.505030e-02	6.365720e-02	8.544410e-02	4.340820e-02	7.173210e-02	7.425020e-02	7.382050e-02	4.079410e-02	6.060800e-02	1.124506e-01	5.624360e-02	5.079020e-02	7.268100e-02	2.595450e-02	
3.456620e-02	5.483780e-02	9.991610e-02	7.555310e-02	4.347140e-02	2.424180e-02	5.728720e-02	5.374250e-02	5.645310e-02	4.880560e-02	6.961700e-02	1.051957e-01	6.159090e-02	6.932760e-02	9.337110e-02	5.202290e-02	
2.218670e-02	4.320940e-02	7.645340e-02	5.423210e-02	4.700210e-02	2.455540e-02	6.437430e-02	6.128100e-02	6.143510e-02	6.075190e-02	7.216520e-02	1.258392e-01	5.914700e-02	7.507730e-02	9.274550e-02	5.954440e-02	
2.111220e-02	4.728820e-02	7.334740e-02	4.802310e-02	4.721340e-02	2.826150e-02	6.552210e-02	6.259700e-02	5.889450e-02	6.730300e-02	5.834570e-02	1.211952e-01	5.582450e-02	8.347950e-02	9.686290e-02	6.472980e-02	
3.103760e-02	4.816960e-02	5.793230e-02	4.590510e-02	6.213120e-02	3.637030e-02	5.746630e-02	7.036440e-02	7.044020e-02	6.726000e-02	3.755770e-02	1.188202e-01	6.473640e-02	7.952630e-02	8.557220e-02	6.671020e-02	
5.787660e-02	6.349110e-02	6.431010e-02	4.266760e-02	8.455010e-02	4.430390e-02	4.497280e-02	5.749940e-02	6.492410e-02	6.257460e-02	2.012980e-02	9.090000e-02	7.566830e-02	8.786320e-02	7.556940e-02	6.269900e-02	
4.707630e-02	1.292044e-01	7.676220e-02	2.997620e-02	7.802560e-02	9.195610e-02	5.229330e-02	3.595780e-02	4.005380e-02	9.072510e-02	1.852110e-02	5.568210e-02	4.205770e-02	1.212508e-01	6.443080e-02	2.602670e-02	
3.324200e-02	9.085940e-02	5.481680e-02	2.829520e-02	1.320870e-01	1.412230e-01	8.862850e-02	7.119790e-02	4.510740e-02	6.971970e-02	1.939370e-02	7.778660e-02	2.588730e-02	6.585370e-02	4.408570e-02	1.181610e-02	
5.069830e-02	8.362940e-02	5.811750e-02	4.387850e-02	1.138027e-01	9.918140e-02	7.803010e-02	7.664160e-02	5.178420e-02	4.911910e-02	1.990930e-02	8.611210e-02	4.299620e-02	6.671000e-02	6.335340e-02	1.603620e-02	
7.489940e-02	5.932930e-02	6.115760e-02	6.389510e-02	1.082470e-01	5.316720e-02	6.177880e-02	7.544690e-02	6.092710e-02	3.226530e-02	2.318360e-02	1.030343e-01	6.896090e-02	5.577420e-02	7.480320e-02	2.313010e-02	
7.335300e-02	7.075810e-02	9.384180e-02	7.508150e-02	5.735420e-02	3.763950e-02	5.333790e-02	5.220440e-02	5.429690e-02	3.773860e-02	4.068900e-02	8.819870e-02	6.968870e-02	7.174180e-02	9.501450e-02	2.906140e-02	
4.586270e-02	5.638100e-02	8.625480e-02	6.619430e-02	5.910520e-02	3.228840e-02	6.295970e-02	6.352470e-02	6.435710e-02	4.740540e-02	5.663440e-02	1.144863e-01	5.993570e-02	6.365160e-02	8.789820e-02	3.306050e-02	
3.425250e-02	5.123220e-02	8.069230e-02	6.308370e-02	5.312050e-02	2.634900e-02	5.953910e-02	6.071780e-02	6.388880e-02	5.132420e-02	5.516380e-02	1.233703e-01	6.491580e-02	7.175540e-02	9.304600e-02	4.754860e-02	
3.055640e-02	4.991170e-02	7.491780e-02	6.079170e-02	5.190370e-02	2.797930e-02	5.951970e-02	6.125810e-02	6.231800e-02	5.450190e-02	4.794980e-02	1.236715e-01	6.601540e-02	7.759540e-02	9.131200e-02	5.979760e-02	
3.427860e-02	5.208820e-02	6.839510e-02	5.603160e-02	5.442260e-02	3.575520e-02	5.790620e-02	6.190430e-02	6.305340e-02	5.837920e-02	3.816520e-02	1.141015e-01	6.898620e-02	8.391960e-02	8.720550e-02	6.540760e-02	
3.940680e-02	6.735050e-02	6.949120e-02	4.449230e-02	5.440800e-02	5.923100e-02	6.259090e-02	5.391230e-02	5.521050e-02	7.389500e-02	3.414690e-02	8.841960e-02	6.125420e-02	9.919440e-02	8.631600e-02	5.068040e-02	
5.739320e-02	6.157050e-02	5.322550e-02	3.809030e-02	1.015419e-01	7.491460e-02	5.953440e-02	6.368000e-02	7.154380e-02	6.591980e-02	2.242870e-02	9.265270e-02	6.767000e-02	7.303040e-02	6.302300e-02	3.378120e-02	
8.846920e-02	9.268970e-02	6.990220e-02	4.708780e-02	9.953880e-02	7.398410e-02	5.148610e-02	5.042630e-02	5.621420e-02	5.569730e-02	1.836240e-02	6.793770e-02	6.601490e-02	7.619130e-02	6.070940e-02	2.528860e-02	
9.024920e-02	8.904090e-02	6.933340e-02	6.161360e-02	1.161924e-01	7.218820e-02	5.120380e-02	5.897800e-02	5.863010e-02	4.402740e-02	2.035870e-02	7.744390e-02	5.789280e-02	6.265470e-02	5.029430e-02	1.989860e-02	
7.579960e-02	8.712140e-02	9.242100e-02	6.762250e-02	8.448080e-02	6.735450e-02	6.420290e-02	5.187300e-02	5.177270e-02	4.018760e-02	3.542860e-02	6.380130e-02	5.683450e-02	7.003770e-02	7.074920e-02	2.031270e-02	
7.063200e-02	4.991680e-02	7.453960e-02	7.379920e-02	9.491350e-02	3.657250e-02	6.022810e-02	7.298710e-02	7.962050e-02	3.556070e-02	4.543370e-02	1.021868e-01	6.707460e-02	4.718800e-02	6.124930e-02	2.809760e-02	
5.190550e-02	6.389680e-02	1.071069e-01	8.933140e-02	4.494480e-02	2.260760e-02	5.179330e-02	4.989230e-02	5.340260e-02	4.108550e-02	5.617290e-02	9.078970e-02	7.181440e-02	7.081410e-02	8.043020e-02	5.401200e-02	
3.011220e-02	4.640900e-02	8.361210e-02	6.193400e-02	4.899420e-02	2.577850e-02	6.675330e-02	5.687800e-02	5.820120e-02	5.436600e-02	7.178110e-02	1.111550e-01	6.813730e-02	7.523440e-02	8.169780e-02	5.895590e-02	
2.352890e-02	4.629680e-02	8.121510e-02	5.440410e-02	4.661360e-02	2.822010e-02	7.112630e-02	5.582790e-02	5.612640e-02	6.235720e-02	7.247000e-02	1.128907e-01	6.396360e-02	8.049950e-02	8.260230e-02	6.185750e-02	
2.118370e-02	4.735220e-02	7.375200e-02	4.794460e-02	5.144210e-02	3.293450e-02	7.204190e-02	6.095510e-02	5.987050e-02	6.859330e-02	6.252440e-02	1.164255e-01	6.019900e-02	8.197670e-02	8.137940e-02	6.142510e-02	
1.786980e-02	7.015230e-02	6.924300e-02	3.543020e-02	4.454090e-02	5.655020e-02	7.405990e-02	5.570570e-02	4.819060e-02	9.860060e-02	5.056470e-02	9.234180e-02	4.333750e-02	1.111178e-01	8.386340e-02	4.843160e-02	
3.409880e-02	4.609160e-02	4.331670e-02	3.043170e-02	1.065549e-01	7.730680e-02	6.907230e-02	8.348690e-02	7.697170e-02	7.160570e-02	2.302070e-02	1.061329e-01	5.863550e-02	6.831540e-02	6.463500e-02	4.032340e-02	
7.602990e-02	9.814190e-02	6.832560e-02	3.376350e-02	9.284320e-02	7.739500e-02	4.879370e-02	4.428760e-02	5.284920e-02	7.007600e-02	1.464000e-02	6.247950e-02	6.568110e-02	9.460900e-02	7.059820e-02	2.948660e-02	
9.362960e-02	1.020184e-01	5.482630e-02	3.692910e-02	1.591626e-01	8.975850e-02	4.310820e-02	4.819260e-02	5.872440e-02	5.761480e-02	1.161690e-02	7.440140e-02	5.235160e-02	6.433230e-02	3.944560e-02	1.388770e-02	
9.302890e-02	1.281316e-01	8.352220e-02	5.918550e-02	1.224637e-01	9.362040e-02	5.231870e-02	4.532120e-02	3.840200e-02	3.695430e-02	1.591040e-02	5.773030e-02	4.411390e-02	6.790190e-02	4.992140e-02	1.147360e-02	
8.120740e-02	7.041850e-02	7.800700e-02	6.837560e-02	1.185840e-01	6.826040e-02	7.059070e-02	6.917310e-02	5.488760e-02	3.333600e-02	2.907090e-02	8.437820e-02	4.994000e-02	4.997220e-02	5.846080e-02	1.533760e-02	
6.021880e-02	6.770510e-02	9.997080e-02	7.672430e-02	5.663330e-02	4.287340e-02	6.362530e-02	5.885510e-02	5.304930e-02	4.317220e-02	4.817500e-02	9.173290e-02	5.694960e-02	6.371170e-02	8.695720e-02	2.964600e-02	
3.504480e-02	4.988200e-02	8.207620e-02	5.984800e-02	5.233220e-02	3.430760e-02	6.668470e-02	6.413790e-02	6.254440e-02	5.414430e-02	6.404030e-02	1.179993e-01	5.736060e-02	6.733640e-02	9.442010e-02	3.784120e-02	
2.782500e-02	4.693430e-02	7.620410e-02	5.631860e-02	4.879200e-02	2.971010e-02	6.379820e-02	6.337000e-02	6.251810e-02	5.873220e-02	5.993640e-02	1.260346e-01	5.885830e-02	7.315120e-02	9.806900e-02	4.974790e-02	
2.694630e-02	4.779380e-02	6.913660e-02	5.411670e-02	4.999480e-02	3.209130e-02	6.089450e-02	6.554720e-02	6.318320e-02	6.132500e-02	4.628520e-02	1.272143e-01	6.046390e-02	7.881310e-02	9.671260e-02	5.948150e-02	
3.175440e-02	5.451970e-02	6.686220e-02	4.745190e-02	5.055120e-02	4.580030e-02	6.312390e-02	6.054780e-02	5.911080e-02	6.888870e-02	3.662570e-02	1.084037e-01	5.959680e-02	8.826850e-02	1.009554e-01	5.753900e-02	
5.642570e-02	4.626470e-02	5.587440e-02	4.244840e-02	8.893790e-02	4.891490e-02	5.392140e-02	6.570300e-02	7.860140e-02	5.614740e-02	2.229600e-02	1.105224e-01	7.887110e-02	6.661300e-02	7.953290e-02	4.892540e-02	
7.494770e-02	1.026728e-01	8.090490e-02	4.431070e-02	7.241110e-02	5.980800e-02	4.551300e-02	4.020790e-02	5.087840e-02	7.030070e-02	2.091990e-02	6.952570e-02	6.199240e-02	9.509830e-02	7.780910e-02	3.269940e-02	
6.877060e-02	8.425080e-02	6.112690e-02	4.608130e-02	1.260863e-01	8.297840e-02	5.708210e-02	6.173300e-02	5.965410e-02	5.735910e-02	1.997000e-02	8.816370e-02	4.969940e-02	6.515400e-02	5.229940e-02	1.959090e-02	
6.022790e-02	1.037256e-01	8.167890e-02	5.857800e-02	8.381270e-02	8.890010e-02	6.428690e-02	5.274260e-02	4.241930e-02	5.007900e-02	2.702950e-02	7.095060e-02	4.492090e-02	8.049450e-02	7.122300e-02	1.893050e-02	
6.642340e-02	4.598540e-02	6.114130e-02	5.783070e-02	1.161825e-01	5.657890e-02	7.256860e-02	7.786920e-02	7.055030e-02	3.499100e-02	3.424410e-02	1.044329e-01	6.270870e-02	4.801580e-02	7.004150e-02	2.043570e-02	
6.217070e-02	6.910460e-02	1.018623e-01	8.272730e-02	5.092730e-02	3.216960e-02	5.116610e-02	5.130810e-02	5.633680e-02	4.004590e-02	4.828830e-02	9.332450e-02	6.494890e-02	6.748650e-02	9.329020e-02	3.484290e-02	
3.678500e-02	5.070090e-02	8.286030e-02	6.403750e-02	5.378830e-02	3.053760e-02	6.200600e-02	6.247470e-02	6.454070e-02	5.020450e-02	6.317310e-02	1.166886e-01	6.106660e-02	6.767070e-02	9.161530e-02	4.185020e-02	
2.972800e-02	4.765870e-02	7.895330e-02	5.984060e-02	4.925000e-02	2.749740e-02	6.158640e-02	6.077990e-02	6.217250e-02	5.528400e-02	6.131990e-02	1.208783e-01	6.262570e-02	7.431720e-02	9.409060e-02	5.401750e-02	
2.716630e-02	4.786950e-02	7.392120e-02	5.481920e-02	4.931030e-02	3.009240e-02	6.292480e-02	6.242980e-02	6.063330e-02	6.047380e-02	5.390810e-02	1.209350e-01	6.114110e-02	7.914780e-02	9.408340e-02	6.114400e-02	
3.016070e-02	5.098800e-02	6.779010e-02	4.931220e-02	5.402630e-02	3.768380e-02	6.158870e-02	6.428470e-02	6.212570e-02	6.485100e-02	4.184070e-02	1.160201e-01	6.123220e-02	8.345030e-02	9.244390e-02	6.220160e-02	
3.506390e-02	6.463120e-02	6.682720e-02	4.102260e-02	5.557300e-02	5.837830e-02	6.450820e-02	5.851360e-02	5.587900e-02	7.730460e-02	3.385870e-02	9.662110e-02	5.535300e-02	9.462820e-02	9.270250e-02	4.913490e-02	
5.541290e-02	5.586060e-02	5.322880e-02	3.736660e-02	1.030431e-01	6.617260e-02	5.974260e-02	6.598400e-02	7.147570e-02	6.331660e-02	2.150620e-02	1.015981e-01	6.835060e-02	6.924740e-02	7.178570e-02	3.590850e-02	
8.329760e-02	9.544440e-02	7.336290e-02	4.617740e-02	9.193850e-02	6.712020e-02	4.907400e-02	4.646450e-02	5.441990e-02	6.038900e-02	1.888010e-02	7.257430e-02	6.404860e-02	8.096770e-02	6.931300e-02	2.652790e-02	
8.433390e-02	8.592870e-02	6.650310e-02	5.693890e-02	1.244045e-01	7.085920e-02	5.072430e-02	5.793330e-02	6.010600e-02	4.626850e-02	1.941430e-02	8.484120e-02	5.712020e-02	6.226160e-02	5.293270e-02	1.942960e-02	
6.914640e-02	9.096310e-02	9.249030e-02	7.336480e-02	8.259480e-02	6.783640e-02	6.109060e-02	5.379620e-02	4.581350e-02	3.957780e-02	3.175790e-02	7.242520e-02	5.138470e-02	7.130480e-02	7.514890e-02	2.130460e-02	
4.680870e-02	6.048630e-02	7.944780e-02	6.219660e-02	7.367310e-02	5.492590e-02	7.299200e-02	6.809110e-02	5.813850e-02	4.615760e-02	5.238270e-02	1.038089e-01	4.937670e-02	6.475210e-02	8.302680e-02	2.373520e-02	
4.110730e-02	4.795210e-02	7.783060e-02	6.110700e-02	5.674320e-02	3.565120e-02	6.708670e-02	6.684080e-02	6.409930e-02	4.932080e-02	5.969220e-02	1.147370e-01	6.095910e-02	6.397200e-02	9.793340e-02	3.496730e-02	
3.268920e-02	4.817690e-02	7.953550e-02	6.250730e-02	4.906660e-02	2.642640e-02	5.907560e-02	6.232750e-02	6.496200e-02	5.294990e-02	5.868010e-02	1.259509e-01	6.213320e-02	6.981540e-02	9.875640e-02	4.694710e-02	
2.985570e-02	4.659740e-02	7.309880e-02	5.929910e-02	4.843920e-02	2.769960e-02	5.870070e-02	6.252910e-02	6.340790e-02	5.601720e-02	4.968210e-02	1.269404e-01	6.390700e-02	7.589580e-02	9.799060e-02	5.993940e-02	
3.419400e-02	4.971740e-02	6.731160e-02	5.438680e-02	5.157290e-02	3.503840e-02	5.712310e-02	6.247560e-02	6.426460e-02	5.964100e-02	3.784000e-02	1.177266e-01	6.679460e-02	8.256020e-02	9.499800e-02	6.435520e-02	
4.418820e-02	6.521610e-02	6.346800e-02	4.395380e-02	5.808280e-02	5.837880e-02	5.662350e-02	5.387190e-02	6.074710e-02	7.425020e-02	2.963040e-02	9.264500e-02	6.570180e-02	9.723420e-02	8.698590e-02	4.902230e-02	
6.758340e-02	7.541470e-02	5.160820e-02	3.411360e-02	1.122015e-01	8.081320e-02	4.869360e-02	5.337100e-02	6.698090e-02	7.074540e-02	1.555630e-02	8.342520e-02	6.887090e-02	8.191640e-02	5.864300e-02	3.006270e-02	
9.109610e-02	1.240812e-01	6.476270e-02	3.569670e-02	1.268021e-01	9.733350e-02	4.519860e-02	3.955550e-02	4.546510e-02	5.964790e-02	1.136650e-02	5.802160e-02	5.229130e-02	8.370400e-02	4.922320e-02	1.575400e-02	
9.022610e-02	1.030863e-01	6.537580e-02	5.696640e-02	1.583426e-01	9.515480e-02	5.350700e-02	5.776220e-02	4.719540e-02	3.689230e-02	1.390710e-02	7.255620e-02	4.289540e-02	5.520500e-02	3.957260e-02	1.135480e-02	
8.529620e-02	8.909150e-02	9.246980e-02	7.180200e-02	1.007107e-01	6.985340e-02	6.487340e-02	5.490090e-02	4.819830e-02	3.095300e-02	2.878390e-02	6.442730e-02	5.297230e-02	6.192420e-02	6.881000e-02	1.493310e-02	
7.429420e-02	5.703110e-02	7.891650e-02	7.693570e-02	9.253580e-02	3.372700e-02	5.555270e-02	7.000660e-02	7.709510e-02	3.271940e-02	4.272050e-02	1.024021e-01	6.518860e-02	4.915300e-02	6.771060e-02	2.401110e-02	
5.214720e-02	6.393880e-02	1.019171e-01	9.111060e-02	4.990990e-02	1.992000e-02	4.846100e-02	5.433960e-02	5.897900e-02	3.729890e-02	5.106450e-02	9.755790e-02	7.271030e-02	6.798750e-02	8.268800e-02	4.996970e-02	
3.332930e-02	4.767430e-02	8.311620e-02	6.962660e-02	5.046860e-02	2.080530e-02	5.922370e-02	5.864760e-02	6.033670e-02	4.740910e-02	6.104170e-02	1.153431e-01	7.249520e-02	7.467720e-02	8.248550e-02	6.331990e-02	
2.805680e-02	4.587580e-02	8.036300e-02	6.233420e-02	4.686120e-02	2.365970e-02	6.394250e-02	5.610250e-02	5.579300e-02	5.481440e-02	6.226910e-02	1.129906e-01	7.067760e-02	8.101760e-02	8.280780e-02	7.243420e-02	
2.518250e-02	4.677210e-02	7.595960e-02	5.347440e-02	4.814400e-02	3.074380e-02	6.865170e-02	5.782800e-02	5.604660e-02	6.347110e-02	5.966730e-02	1.101974e-01	6.497360e-02	8.485420e-02	8.306050e-02	7.097320e-02	
2.630370e-02	5.584230e-02	6.814240e-02	4.405830e-02	5.272980e-02	4.572950e-02	6.953990e-02	5.784200e-02	5.849750e-02	7.877740e-02	5.206270e-02	9.800150e-02	6.011000e-02	9.365670e-02	7.858420e-02	6.012210e-02	
3.513340e-02	6.768560e-02	5.619550e-02	3.862650e-02	7.486840e-02	6.838170e-02	6.191670e-02	6.883910e-02	6.136490e-02	8.208800e-02	2.959280e-02	9.528350e-02	5.527320e-02	9.191100e-02	6.456340e-02	4.827630e-02	
5.855120e-02	7.417610e-02	5.936570e-02	3.454690e-02	9.652760e-02	8.923710e-02	6.499630e-02	5.930530e-02	5.479390e-02	7.042060e-02	2.060170e-02	6.645220e-02	6.191290e-02	8.837010e-02	6.691720e-02	3.382520e-02	
7.392180e-02	9.057270e-02	6.363170e-02	4.365940e-02	1.142300e-01	9.260030e-02	5.836570e-02	5.700790e-02	5.748490e-02	6.139310e-02	1.936880e-02	7.363410e-02	5.197970e-02	7.109270e-02	5.116910e-02	1.988810e-02	
8.776190e-02	7.831300e-02	7.397300e-02	5.756850e-02	1.148479e-01	7.661990e-02	6.539450e-02	5.879650e-02	5.818530e-02	4.016800e-02	2.420500e-02	6.997700e-02	5.913060e-02	5.846720e-02	5.821680e-02	1.837490e-02	
7.138720e-02	8.383590e-02	8.942510e-02	7.527750e-02	7.862600e-02	5.488980e-02	6.009420e-02	5.995810e-02	5.513990e-02	4.223820e-02	3.672420e-02	8.768700e-02	5.309040e-02	6.268290e-02	6.493550e-02	2.400810e-02	
5.153120e-02	5.759670e-02	8.534100e-02	6.377460e-02	6.300570e-02	4.546630e-02	7.093190e-02	6.424290e-02	5.717350e-02	4.686570e-02	5.326440e-02	9.387540e-02	6.118810e-02	6.747890e-02	8.516930e-02	3.309440e-02	
3.648640e-02	5.233990e-02	8.469880e-02	5.937340e-02	5.371790e-02	3.360090e-02	6.782830e-02	6.226050e-02	6.147650e-02	5.521670e-02	6.480730e-02	1.132061e-01	5.884420e-02	6.887430e-02	8.875690e-02	3.851190e-02	
2.814540e-02	4.964240e-02	7.780300e-02	5.493420e-02	5.172320e-02	3.026010e-02	6.590930e-02	6.213920e-02	6.155610e-02	6.064740e-02	5.980800e-02	1.240798e-01	5.957780e-02	7.448720e-02	9.135640e-02	4.793050e-02	
2.647980e-02	5.098640e-02	7.192630e-02	5.161000e-02	5.271430e-02	3.404760e-02	6.457030e-02	6.370490e-02	6.050130e-02	6.325460e-02	4.758290e-02	1.235379e-01	5.962760e-02	8.075450e-02	9.312670e-02	5.557490e-02	
3.218460e-02	5.603170e-02	6.369800e-02	4.740870e-02	5.841990e-02	4.617960e-02	6.041760e-02	6.402600e-02	6.324320e-02	6.655750e-02	3.324330e-02	1.141622e-01	6.245410e-02	8.683000e-02	8.854340e-02	5.660020e-02	
4.085230e-02	6.526080e-02	7.149270e-02	3.869600e-02	6.204350e-02	6.842290e-02	6.959260e-02	5.553980e-02	5.680410e-02	6.989300e-02	2.892570e-02	9.027950e-02	5.808640e-02	8.714640e-02	9.526550e-02	4.169880e-02	
5.208010e-02	7.071670e-02	6.041020e-02	3.457930e-02	9.547290e-02	7.326600e-02	6.382500e-02	5.815920e-02	7.074840e-02	6.901620e-02	2.393260e-02	1.015793e-01	5.768200e-02	6.844540e-02	7.551170e-02	2.457500e-02	
9.296490e-02	7.676030e-02	6.049960e-02	4.575860e-02	1.234819e-01	5.633410e-02	4.626840e-02	5.535990e-02	7.714700e-02	4.436340e-02	1.563820e-02	8.653090e-02	7.927670e-02	5.793200e-02	6.196620e-02	1.971790e-02	
1.424010e-01	9.399900e-02	6.727610e-02	6.919440e-02	1.307857e-01	3.503480e-02	2.618330e-02	4.338600e-02	6.929220e-02	2.898990e-02	1.184010e-02	7.425020e-02	8.815460e-02	5.636920e-02	4.443320e-02	1.841030e-02	
1.043090e-01	1.132769e-01	1.182603e-01	9.478730e-02	8.861150e-02	4.226710e-02	4.133110e-02	4.218320e-02	4.067950e-02	2.625200e-02	2.541240e-02	5.738880e-02	5.823230e-02	6.637670e-02	6.188890e-02	1.874300e-02	
4.233640e-02	7.974060e-02	1.023951e-01	6.736020e-02	6.688850e-02	5.590450e-02	6.997770e-02	5.540200e-02	4.977550e-02	4.593640e-02	6.555320e-02	8.562760e-02	4.114490e-02	7.298840e-02	7.802090e-02	2.094810e-02	
3.171520e-02	4.130640e-02	6.869570e-02	5.842800e-02	6.959180e-02	3.459640e-02	7.176470e-02	7.861700e-02	7.423610e-02	4.761590e-02	6.920410e-02	1.248908e-01	5.540010e-02	5.546130e-02	8.270620e-02	3.577030e-02	
2.933620e-02	4.779710e-02	8.494180e-02	6.886810e-02	4.654450e-02	2.052050e-02	5.409860e-02	5.781640e-02	6.234480e-02	4.679770e-02	6.364040e-02	1.195878e-01	6.650590e-02	7.380980e-02	9.841960e-02	5.897080e-02	
2.479710e-02	4.324530e-02	7.562730e-02	6.106170e-02	4.648230e-02	2.218260e-02	5.900370e-02	6.125650e-02	6.138930e-02	5.415130e-02	5.992830e-02	1.256315e-01	6.420010e-02	7.629590e-02	9.289440e-02	7.185270e-02	
2.512390e-02	5.285410e-02	6.890370e-02	4.998710e-02	4.436050e-02	3.355250e-02	6.079960e-02	5.716250e-02	5.518900e-02	7.363650e-02	5.208350e-02	1.065447e-01	5.883740e-02	9.727670e-02	9.271250e-02	7.097580e-02	
4.347130e-02	4.591530e-02	5.232460e-02	4.179960e-02	8.194550e-02	4.843600e-02	5.518190e-02	7.175640e-02	7.236530e-02	6.476560e-02	2.622420e-02	1.111442e-01	7.119370e-02	7.822650e-02	7.345120e-02	6.179870e-02	
6.889070e-02	8.877700e-02	7.349160e-02	3.781650e-02	7.745310e-02	6.666530e-02	4.961250e-02	4.361250e-02	4.749400e-02	7.350870e-02	1.921200e-02	6.696720e-02	6.386670e-02	1.060452e-01	7.774430e-02	3.884270e-02	
6.464470e-02	8.777110e-02	6.522340e-02	4.006530e-02	1.211484e-01	9.555760e-02	6.298890e-02	5.530130e-02	5.274180e-02	6.520270e-02	2.026910e-02	8.184680e-02	4.485650e-02	7.091910e-02	5.315400e-02	1.830930e-02	
6.868250e-02	8.245600e-02	7.295890e-02	5.929400e-02	1.094770e-01	8.289100e-02	6.480050e-02	6.228200e-02	4.945860e-02	4.357490e-02	2.335370e-02	8.524820e-02	4.984460e-02	6.588110e-02	6.076660e-02	1.903040e-02	
5.825240e-02	6.903820e-02	8.428650e-02	6.588560e-02	7.714560e-02	6.505620e-02	7.192350e-02	6.067770e-02	5.340530e-02	4.263060e-02	4.090440e-02	8.493940e-02	5.353420e-02	6.737590e-02	8.224990e-02	2.269460e-02	
5.551820e-02	4.774970e-02	7.308190e-02	6.598770e-02	7.806930e-02	3.514630e-02	6.112560e-02	6.975970e-02	7.417750e-02	3.841820e-02	5.024750e-02	1.165211e-01	6.588370e-02	5.618400e-02	8.352690e-02	2.860270e-02	
4.420190e-02	5.687970e-02	9.554040e-02	7.702670e-02	4.956930e-02	2.223870e-02	5.172500e-02	5.396520e-02	6.070040e-02	4.179120e-02	5.931860e-02	1.061717e-01	7.010600e-02	7.039280e-02	9.590150e-02	4.447090e-02	
2.955290e-02	4.770810e-02	8.242610e-02	6.489050e-02	5.113700e-02	2.096940e-02	5.928020e-02	5.991580e-02	6.271360e-02	5.055520e-02	6.329690e-02	1.259198e-01	6.593170e-02	7.246410e-02	8.787740e-02	5.536130e-02	
2.643180e-02	4.659900e-02	7.688150e-02	5.942290e-02	4.859360e-02	2.315030e-02	6.073610e-02	5.921680e-02	5.852780e-02	5.576470e-02	5.583650e-02	1.227516e-01	6.701920e-02	8.114660e-02	8.881260e-02	6.910900e-02	
2.791230e-02	4.951320e-02	7.156470e-02	5.158220e-02	5.109680e-02	3.211430e-02	6.291440e-02	6.053510e-02	5.798910e-02	6.376660e-02	4.697830e-02	1.135327e-01	6.404840e-02	8.725340e-02	8.892360e-02	7.027490e-02	
3.308960e-02	5.786390e-02	6.678480e-02	4.330830e-02	5.899970e-02	4.886920e-02	6.370580e-02	6.107280e-02	5.974920e-02	7.235250e-02	3.689630e-02	1.013830e-01	6.020020e-02	9.152470e-02	8.564830e-02	5.855170e-02	
4.799750e-02	5.589010e-02	6.790080e-02	4.025030e-02	7.967830e-02	5.810740e-02	6.973190e-02	6.309270e-02	6.694370e-02	6.125600e-02	3.096120e-02	9.387430e-02	6.444580e-02	7.214610e-02	8.370950e-02	4.401440e-02	
4.916540e-02	9.269950e-02	7.366500e-02	4.353540e-02	7.507570e-02	6.215790e-02	5.454750e-02	5.561850e-02	5.840070e-02	6.908170e-02	2.654770e-02	9.827330e-02	5.152000e-02	8.334140e-02	7.236260e-02	3.400770e-02	
4.573070e-02	8.822060e-02	6.263510e-02	3.757540e-02	9.739460e-02	7.988130e-02	6.462330e-02	6.538130e-02	5.944250e-02	6.253990e-02	2.446560e-02	8.067480e-02	5.192690e-02	8.060790e-02	7.361720e-02	2.528290e-02	
5.197070e-02	8.994050e-02	6.509760e-02	4.748590e-02	9.842370e-02	7.571410e-02	6.602580e-02	7.108610e-02	6.143560e-02	5.254690e-02	2.532980e-02	8.602890e-02	4.776060e-02	7.030640e-02	6.955260e-02	2.129480e-02	
6.344060e-02	7.165370e-02	6.540560e-02	5.909070e-02	9.865630e-02	5.855260e-02	6.049930e-02	7.079970e-02	6.025850e-02	3.981300e-02	2.672890e-02	9.920540e-02	6.164730e-02	6.555390e-02	7.373860e-02	2.495590e-02	
6.855920e-02	6.865170e-02	8.130710e-02	6.548470e-02	7.082270e-02	4.714810e-02	5.884690e-02	5.875550e-02	5.822130e-02	3.994010e-02	3.733490e-02	9.087610e-02	6.800970e-02	7.097380e-02	8.711380e-02	2.795440e-02	
5.282030e-02	6.086420e-02	8.476590e-02	6.716250e-02	6.432820e-02	3.693940e-02	6.178880e-02	6.365730e-02	6.402870e-02	4.424090e-02	4.979600e-02	1.065371e-01	6.213160e-02	6.455980e-02	8.469110e-02	3.168820e-02	
4.095640e-02	5.488790e-02	8.249250e-02	6.497200e-02	5.659730e-02	2.944060e-02	5.947340e-02	6.109300e-02	6.418010e-02	4.845880e-02	5.351170e-02	1.148912e-01	6.587170e-02	7.032190e-02	8.971280e-02	4.313870e-02	
3.478780e-02	5.214440e-02	7.819000e-02	6.248330e-02	5.383920e-02	2.843930e-02	5.970280e-02	6.112790e-02	6.330810e-02	5.212700e-02	5.085680e-02	1.188985e-01	6.682430e-02	7.468530e-02	8.870100e-02	5.388430e-02	
3.410330e-02	5.222540e-02	7.394440e-02	5.848630e-02	5.353140e-02	3.235420e-02	6.035290e-02	6.115750e-02	6.164640e-02	5.593110e-02	4.543540e-02	1.144377e-01	6.774400e-02	7.989090e-02	8.727600e-02	6.148310e-02	
3.808450e-02	5.564300e-02	7.020970e-02	5.308790e-02	5.730020e-02	4.127360e-02	6.089040e-02	6.093740e-02	6.179960e-02	6.059730e-02	3.913440e-02	1.054774e-01	6.777220e-02	8.369970e-02	8.404520e-02	6.004750e-02	
4.627980e-02	5.986730e-02	7.062370e-02	4.818570e-02	6.472950e-02	5.271800e-02	6.482050e-02	5.894560e-02	6.189430e-02	6.238690e-02	3.657800e-02	9.342050e-02	6.688310e-02	8.174000e-02	8.172390e-02	4.920320e-02	
5.111410e-02	7.321930e-02	6.741910e-02	4.803420e-02	7.519490e-02	6.182940e-02	5.900930e-02	6.067860e-02	6.156490e-02	6.687110e-02	3.121960e-02	9.409050e-02	6.037650e-02	8.082030e-02	6.869540e-02	3.986280e-02	
5.694560e-02	7.603460e-02	6.884820e-02	4.642200e-02	8.303510e-02	7.198130e-02	6.603140e-02	6.169230e-02	5.804420e-02	6.146110e-02	2.981370e-02	7.702440e-02	6.066700e-02	7.819290e-02	7.120600e-02	3.260020e-02	
5.850180e-02	7.577420e-02	6.985720e-02	5.455870e-02	8.996310e-02	6.643850e-02	6.373350e-02	6.753480e-02	6.286510e-02	5.405620e-02	3.097620e-02	8.800180e-02	5.630940e-02	6.859910e-02	6.490280e-02	2.792760e-02	
5.832850e-02	7.295510e-02	7.762830e-02	5.872750e-02	7.668100e-02	5.888390e-02	6.741050e-02	6.189260e-02	6.115730e-02	4.953230e-02	3.759380e-02	8.118630e-02	6.060460e-02	7.066210e-02	7.726470e-02	2.949150e-02	
5.245780e-02	6.808950e-02	7.644700e-02	5.977710e-02	7.097340e-02	5.118610e-02	6.520050e-02	6.467340e-02	6.301830e-02	5.336460e-02	4.189550e-02	1.016189e-01	5.734380e-02	6.857890e-02	7.229500e-02	3.308020e-02	
4.711590e-02	6.289940e-02	8.148400e-02	5.229400e-02	6.434910e-02	4.967530e-02	6.902260e-02	5.817210e-02	5.807620e-02	5.483740e-02	4.345740e-02	9.946700e-02	6.041440e-02	7.496440e-02	8.550220e-02	3.826860e-02	
6.222710e-02	4.642340e-02	5.367510e-02	6.763000e-02	8.474990e-02	3.661180e-02	4.552870e-02	7.548610e-02	7.785810e-02	4.107550e-02	2.926530e-02	1.312673e-01	8.204930e-02	5.707920e-02	5.816100e-02	5.091220e-02	
