1.769780e-02	2.504640e-02	4.361380e-02	2.526880e-02	3.917730e-02	4.741150e-02	9.059520e-02	1.238622e-01	6.142900e-02	3.361070e-02	1.211417e-01	1.447676e-01	2.840600e-02	3.671940e-02	8.468600e-02	7.656660e-02	
2.331510e-02	3.596240e-02	5.489190e-02	3.254070e-02	1.872230e-02	2.475760e-02	4.135140e-02	5.795670e-02	5.870040e-02	3.514110e-02	1.104204e-01	1.357748e-01	4.691140e-02	6.625370e-02	1.334460e-01	1.238541e-01	
3.212300e-02	3.481910e-02	4.764750e-02	3.305960e-02	2.840120e-02	2.859440e-02	3.950020e-02	6.561900e-02	8.101680e-02	3.654380e-02	7.551400e-02	1.470351e-01	5.804530e-02	5.939640e-02	1.107260e-01	1.219586e-01	
4.027500e-02	5.618410e-02	6.525450e-02	3.787270e-02	2.790970e-02	3.277900e-02	4.265090e-02	5.601410e-02	6.390550e-02	3.875100e-02	5.681310e-02	1.139181e-01	5.681510e-02	7.708390e-02	1.270332e-01	1.067401e-01	
4.367250e-02	5.244280e-02	5.871120e-02	3.407880e-02	4.492040e-02	4.007670e-02	4.995020e-02	6.985070e-02	7.510960e-02	3.430610e-02	6.261290e-02	1.197231e-01	5.733270e-02	6.471490e-02	1.171153e-01	7.538210e-02	
4.248650e-02	6.069580e-02	7.920960e-02	3.864330e-02	3.230540e-02	4.229340e-02	5.611130e-02	6.083040e-02	5.755280e-02	3.500080e-02	8.926430e-02	1.065717e-01	4.972370e-02	6.735400e-02	1.225921e-01	5.936490e-02	
3.872320e-02	3.720640e-02	6.614410e-02	3.999470e-02	3.247130e-02	3.355400e-02	6.096510e-02	7.835360e-02	6.483680e-02	2.928090e-02	1.156156e-01	1.374440e-01	4.472790e-02	4.715500e-02	1.056333e-01	6.789410e-02	
2.884550e-02	3.415580e-02	7.151650e-02	4.624140e-02	1.854230e-02	2.120780e-02	4.869060e-02	5.875560e-02	5.475800e-02	3.148350e-02	1.321830e-01	1.299336e-01	4.181040e-02	5.441110e-02	1.258428e-01	1.016221e-01	
1.915680e-02	2.830150e-02	5.908090e-02	3.741700e-02	1.657470e-02	1.861840e-02	4.736670e-02	5.869840e-02	5.595830e-02	3.238740e-02	1.466087e-01	1.432785e-01	4.011570e-02	5.357540e-02	1.289802e-01	1.138814e-01	
1.605620e-02	2.804310e-02	5.517520e-02	3.253100e-02	1.554860e-02	1.759100e-02	4.507490e-02	5.466820e-02	5.516350e-02	3.311680e-02	1.441645e-01	1.495917e-01	4.071930e-02	5.586350e-02	1.282236e-01	1.284689e-01	
1.527570e-02	2.899130e-02	5.402710e-02	2.919350e-02	1.549860e-02	1.841280e-02	4.553930e-02	5.516370e-02	5.291610e-02	3.485990e-02	1.339320e-01	1.509302e-01	4.176040e-02	5.863240e-02	1.292434e-01	1.356236e-01	
1.570850e-02	2.903380e-02	5.238580e-02	2.832270e-02	1.547520e-02	2.050730e-02	4.578370e-02	5.913020e-02	5.396880e-02	3.859310e-02	1.167177e-01	1.534622e-01	4.247710e-02	5.967790e-02	1.306923e-01	1.380637e-01	
1.855840e-02	3.078780e-02	4.918290e-02	2.910050e-02	1.754330e-02	2.550390e-02	4.315060e-02	6.161430e-02	6.193280e-02	4.276980e-02	8.920290e-02	1.516740e-01	4.586130e-02	6.328090e-02	1.315737e-01	1.382629e-01	
2.333270e-02	4.113700e-02	5.181640e-02	2.760970e-02	2.137730e-02	3.966190e-02	4.449190e-02	5.681130e-02	6.211490e-02	4.733550e-02	7.178130e-02	1.318784e-01	4.736580e-02	7.667230e-02	1.383443e-01	1.182693e-01	
4.175850e-02	4.384750e-02	4.231690e-02	2.626780e-02	4.882850e-02	4.174610e-02	4.251900e-02	7.171310e-02	9.168770e-02	3.072570e-02	4.349370e-02	1.405268e-01	6.420370e-02	5.829380e-02	1.134022e-01	9.866900e-02	
6.282760e-02	7.621680e-02	6.315660e-02	4.427740e-02	4.846550e-02	2.933780e-02	3.652830e-02	6.028150e-02	7.141730e-02	2.625080e-02	3.867570e-02	1.053880e-01	6.190820e-02	6.357900e-02	1.248000e-01	8.688950e-02	
4.852550e-02	7.896070e-02	7.796750e-02	3.916490e-02	4.054740e-02	4.079120e-02	5.259820e-02	6.144760e-02	5.939840e-02	3.131650e-02	7.494860e-02	9.749710e-02	5.038940e-02	6.594830e-02	1.302938e-01	5.020490e-02	
4.320360e-02	4.790800e-02	7.270560e-02	3.504350e-02	3.503380e-02	3.887700e-02	6.825460e-02	7.485130e-02	6.162670e-02	2.890930e-02	1.174304e-01	1.278417e-01	4.213210e-02	4.833060e-02	1.104335e-01	4.741830e-02	
3.472930e-02	3.140220e-02	7.241580e-02	4.344890e-02	2.139870e-02	2.171260e-02	5.506540e-02	6.584820e-02	6.015240e-02	2.804680e-02	1.387898e-01	1.418351e-01	4.199150e-02	4.524800e-02	1.292271e-01	6.868820e-02	
2.152470e-02	2.616310e-02	6.648280e-02	4.410130e-02	1.377160e-02	1.431830e-02	4.415800e-02	5.416170e-02	5.727240e-02	2.767910e-02	1.623734e-01	1.481732e-01	3.915850e-02	4.645950e-02	1.348453e-01	9.935710e-02	
1.400420e-02	2.440750e-02	5.733190e-02	3.598360e-02	1.232280e-02	1.270720e-02	4.033670e-02	4.925330e-02	5.455810e-02	2.813130e-02	1.715067e-01	1.536634e-01	3.563190e-02	4.820440e-02	1.315108e-01	1.304462e-01	
1.132520e-02	2.525040e-02	5.191200e-02	2.802940e-02	1.292940e-02	1.316270e-02	3.922460e-02	4.813370e-02	4.995930e-02	2.992250e-02	1.663070e-01	1.544973e-01	3.509320e-02	5.229800e-02	1.313114e-01	1.506439e-01	
1.077650e-02	2.600750e-02	4.892080e-02	2.360230e-02	1.324170e-02	1.534030e-02	4.093510e-02	5.111650e-02	4.574180e-02	3.481150e-02	1.509610e-01	1.572407e-01	3.683600e-02	5.689490e-02	1.312774e-01	1.562960e-01	
1.063420e-02	2.540950e-02	4.657560e-02	2.397670e-02	1.112840e-02	2.084570e-02	4.426180e-02	5.681830e-02	4.139800e-02	4.637890e-02	1.227596e-01	1.615578e-01	3.445990e-02	6.418060e-02	1.345025e-01	1.551125e-01	
1.691830e-02	2.045650e-02	3.554020e-02	2.470550e-02	1.889260e-02	2.398500e-02	4.110730e-02	7.282980e-02	6.993920e-02	3.653640e-02	5.971680e-02	1.819071e-01	4.877310e-02	5.256530e-02	1.257155e-01	1.704114e-01	
3.204610e-02	4.549330e-02	4.633430e-02	3.064950e-02	1.952330e-02	3.196180e-02	3.438950e-02	4.766860e-02	5.509330e-02	3.968650e-02	3.868640e-02	1.286136e-01	6.325820e-02	8.570470e-02	1.456117e-01	1.552792e-01	
4.993010e-02	5.539310e-02	4.097050e-02	2.362720e-02	4.877000e-02	5.326670e-02	4.477300e-02	5.603660e-02	7.011900e-02	3.151410e-02	3.733990e-02	1.260489e-01	7.249200e-02	7.328010e-02	1.297132e-01	8.672560e-02	
7.896450e-02	6.282790e-02	6.845060e-02	3.106810e-02	5.199490e-02	4.735660e-02	5.883010e-02	5.527240e-02	5.853150e-02	2.160090e-02	5.685050e-02	1.158137e-01	6.525970e-02	5.096170e-02	1.247262e-01	5.149070e-02	
4.601380e-02	5.623460e-02	1.160949e-01	3.640730e-02	1.886280e-02	3.749280e-02	8.269360e-02	4.369790e-02	3.784300e-02	2.640420e-02	1.489332e-01	9.567700e-02	3.607270e-02	4.934900e-02	1.350971e-01	3.312610e-02	
2.322140e-02	2.042450e-02	6.155360e-02	3.359280e-02	1.938250e-02	1.915320e-02	6.404610e-02	6.689880e-02	6.917420e-02	2.941840e-02	2.168813e-01	1.673449e-01	2.929500e-02	2.968870e-02	1.034624e-01	4.646220e-02	
1.512380e-02	2.376310e-02	6.124220e-02	4.094400e-02	1.095800e-02	1.058880e-02	3.405820e-02	4.307980e-02	6.164480e-02	3.183520e-02	1.821432e-01	1.703202e-01	2.964080e-02	4.187820e-02	1.210520e-01	1.217277e-01	
1.130950e-02	2.367670e-02	5.158770e-02	3.079350e-02	1.225570e-02	1.135800e-02	3.344540e-02	5.100620e-02	5.228950e-02	3.099420e-02	1.570769e-01	1.581350e-01	3.205030e-02	5.191430e-02	1.337651e-01	1.583420e-01	
9.843900e-03	2.428710e-02	4.715230e-02	2.662170e-02	1.153370e-02	1.448100e-02	3.545790e-02	5.647060e-02	4.476580e-02	3.720220e-02	1.335972e-01	1.603099e-01	3.306660e-02	6.081910e-02	1.379087e-01	1.664823e-01	
1.282690e-02	1.953570e-02	3.493970e-02	3.190770e-02	1.350380e-02	1.724370e-02	3.212950e-02	7.391240e-02	5.079430e-02	3.499640e-02	7.577040e-02	1.925550e-01	4.403010e-02	5.720710e-02	1.157997e-01	1.928476e-01	
2.464270e-02	3.068160e-02	3.620890e-02	2.962190e-02	1.604750e-02	2.804340e-02	2.823240e-02	5.665960e-02	5.897570e-02	3.317820e-02	3.479060e-02	1.316948e-01	7.931520e-02	8.596380e-02	1.080145e-01	2.179292e-01	
2.800370e-02	6.846410e-02	6.503560e-02	1.747770e-02	1.641280e-02	7.206190e-02	5.113230e-02	3.826000e-02	3.724120e-02	4.424460e-02	4.515630e-02	8.060430e-02	6.459000e-02	1.394650e-01	1.338391e-01	9.801140e-02	
2.201840e-02	5.828430e-02	5.044030e-02	1.550470e-02	5.943530e-02	1.079858e-01	8.115940e-02	7.565510e-02	5.256320e-02	3.906320e-02	7.649050e-02	1.270464e-01	2.847600e-02	5.258420e-02	1.201137e-01	3.317950e-02	
2.556530e-02	6.079180e-02	5.326650e-02	2.286930e-02	5.469140e-02	6.103590e-02	5.692480e-02	8.526540e-02	6.835970e-02	3.208320e-02	9.630250e-02	1.314585e-01	3.303690e-02	4.707590e-02	1.412755e-01	2.999740e-02	
4.344750e-02	4.050210e-02	6.009500e-02	3.760870e-02	4.034510e-02	2.482950e-02	4.557710e-02	9.023510e-02	8.162510e-02	2.014510e-02	9.650940e-02	1.494897e-01	4.710400e-02	3.823710e-02	1.389360e-01	4.531350e-02	
3.807250e-02	3.872790e-02	7.972160e-02	5.599970e-02	1.480210e-02	1.705170e-02	3.871860e-02	5.314140e-02	5.229350e-02	2.592220e-02	1.269831e-01	1.359187e-01	4.562520e-02	5.236210e-02	1.473584e-01	7.730130e-02	
2.127340e-02	2.796940e-02	5.892940e-02	4.262110e-02	1.495480e-02	1.641430e-02	4.428350e-02	5.841130e-02	5.901150e-02	2.895980e-02	1.477302e-01	1.570802e-01	4.314850e-02	4.887860e-02	1.305916e-01	9.974240e-02	
1.780080e-02	2.794940e-02	5.666320e-02	3.597480e-02	1.433470e-02	1.461190e-02	4.229060e-02	5.098490e-02	5.513070e-02	2.833330e-02	1.445136e-01	1.535571e-01	4.566130e-02	5.221420e-02	1.303845e-01	1.295950e-01	
1.656050e-02	2.761270e-02	5.603520e-02	3.271910e-02	1.455590e-02	1.470030e-02	4.191660e-02	5.193600e-02	5.185620e-02	3.075220e-02	1.391427e-01	1.521008e-01	4.456460e-02	5.206910e-02	1.294735e-01	1.440046e-01	
1.684580e-02	2.616980e-02	5.286550e-02	3.165610e-02	1.488480e-02	1.659390e-02	3.984280e-02	5.381280e-02	5.589280e-02	3.694100e-02	1.220360e-01	1.516982e-01	4.542060e-02	5.386600e-02	1.297779e-01	1.516960e-01	
1.891470e-02	3.242680e-02	5.165600e-02	3.004650e-02	1.571770e-02	2.764850e-02	3.972030e-02	5.048420e-02	5.749460e-02	5.169210e-02	9.843070e-02	1.369048e-01	4.647360e-02	7.163340e-02	1.294462e-01	1.413099e-01	
3.609710e-02	3.884160e-02	3.896650e-02	2.469540e-02	3.636150e-02	4.519720e-02	3.966080e-02	6.218130e-02	8.832520e-02	4.179070e-02	4.561640e-02	1.435209e-01	6.664620e-02	6.890420e-02	1.047430e-01	1.184520e-01	
6.746910e-02	7.634790e-02	5.536860e-02	2.824440e-02	4.677130e-02	5.392530e-02	4.339380e-02	5.064330e-02	6.379570e-02	3.015340e-02	3.170880e-02	1.033288e-01	7.021560e-02	7.971560e-02	1.188771e-01	8.004130e-02	
7.819600e-02	6.884950e-02	6.746380e-02	3.374240e-02	6.330600e-02	5.315950e-02	5.645910e-02	6.721760e-02	6.113060e-02	2.250660e-02	5.208420e-02	1.136269e-01	5.768260e-02	5.004910e-02	1.104708e-01	4.405530e-02	
5.304360e-02	6.347940e-02	1.004094e-01	4.338280e-02	2.740700e-02	4.189580e-02	6.852740e-02	5.673450e-02	4.656850e-02	2.631790e-02	1.115350e-01	1.020565e-01	4.405940e-02	5.448240e-02	1.241744e-01	3.592600e-02	
3.564510e-02	2.567240e-02	6.435370e-02	4.540730e-02	2.661250e-02	2.136050e-02	5.793640e-02	8.026610e-02	7.404180e-02	2.403470e-02	1.471876e-01	1.593821e-01	4.213390e-02	3.485200e-02	1.006531e-01	6.046080e-02	
2.196780e-02	2.911330e-02	7.405560e-02	5.329660e-02	1.262850e-02	1.102680e-02	3.458380e-02	4.768050e-02	5.817410e-02	2.591110e-02	1.485752e-01	1.374704e-01	3.784510e-02	4.853480e-02	1.223480e-01	1.367884e-01	
1.283610e-02	2.516070e-02	5.791520e-02	3.470350e-02	1.307730e-02	1.129990e-02	3.596530e-02	5.424350e-02	5.692720e-02	2.739990e-02	1.614547e-01	1.337808e-01	3.504600e-02	5.288050e-02	1.302902e-01	1.570192e-01	
1.064450e-02	2.539570e-02	5.408580e-02	2.776060e-02	1.291600e-02	1.227430e-02	3.665040e-02	5.490030e-02	5.416270e-02	3.137910e-02	1.648465e-01	1.352371e-01	3.258120e-02	5.566460e-02	1.314778e-01	1.600234e-01	
1.023390e-02	2.585870e-02	5.094950e-02	2.326230e-02	1.359700e-02	1.532690e-02	3.956450e-02	5.622530e-02	5.088060e-02	3.803650e-02	1.543583e-01	1.437851e-01	3.379860e-02	6.010150e-02	1.303734e-01	1.536479e-01	
9.458300e-03	2.933190e-02	4.747980e-02	2.224010e-02	1.157200e-02	2.592580e-02	4.355250e-02	5.827330e-02	4.083730e-02	5.590680e-02	1.289324e-01	1.495692e-01	3.097930e-02	7.717340e-02	1.289997e-01	1.397682e-01	
1.960550e-02	2.205500e-02	3.081930e-02	2.036710e-02	2.605760e-02	3.560650e-02	4.498510e-02	8.168870e-02	8.590450e-02	4.244660e-02	4.694600e-02	1.736673e-01	5.598070e-02	5.693980e-02	1.088109e-01	1.481194e-01	
4.716740e-02	7.474390e-02	4.414200e-02	2.149500e-02	2.761890e-02	5.479470e-02	3.502000e-02	3.961430e-02	6.038110e-02	4.446710e-02	2.305490e-02	1.036582e-01	7.099490e-02	1.053000e-01	1.295210e-01	1.180266e-01	
7.384160e-02	8.699890e-02	3.077190e-02	1.454990e-02	9.507350e-02	9.600570e-02	4.213130e-02	4.609520e-02	7.252720e-02	2.674600e-02	2.236670e-02	1.100980e-01	6.714030e-02	6.640140e-02	1.010534e-01	4.819900e-02	
8.652940e-02	1.167121e-01	8.285260e-02	2.248850e-02	6.070240e-02	9.090310e-02	7.510440e-02	4.944210e-02	3.764690e-02	1.767940e-02	5.761800e-02	8.337900e-02	4.228250e-02	4.794020e-02	1.099458e-01	1.877360e-02	
5.759570e-02	4.870820e-02	8.220730e-02	3.865000e-02	4.318190e-02	4.769270e-02	8.998160e-02	9.237860e-02	5.204260e-02	2.086500e-02	1.220033e-01	1.306099e-01	3.107710e-02	2.972810e-02	9.023680e-02	2.304120e-02	
2.800940e-02	3.213410e-02	7.478230e-02	4.897150e-02	1.668350e-02	1.911750e-02	5.076270e-02	6.043030e-02	5.486110e-02	3.127960e-02	1.526633e-01	1.456250e-01	3.600110e-02	4.494250e-02	1.301431e-01	7.359300e-02	
1.629050e-02	2.504180e-02	5.618600e-02	3.803680e-02	1.382690e-02	1.518710e-02	4.357880e-02	5.488090e-02	5.771390e-02	3.289620e-02	1.609849e-01	1.567564e-01	3.795260e-02	4.906010e-02	1.352251e-01	1.063820e-01	
1.408630e-02	2.612000e-02	5.239560e-02	3.318200e-02	1.363720e-02	1.492980e-02	4.113170e-02	5.248650e-02	5.472480e-02	3.387010e-02	1.498123e-01	1.575676e-01	3.909960e-02	5.291900e-02	1.314164e-01	1.326211e-01	
1.330310e-02	2.668750e-02	5.093800e-02	3.061930e-02	1.359850e-02	1.649220e-02	4.144060e-02	5.630760e-02	5.124900e-02	3.691540e-02	1.287972e-01	1.577944e-01	3.992640e-02	5.605430e-02	1.327914e-01	1.470851e-01	
1.432370e-02	2.470360e-02	4.651310e-02	3.253660e-02	1.317630e-02	1.962990e-02	4.022880e-02	6.311440e-02	5.113790e-02	4.082550e-02	9.496220e-02	1.670416e-01	4.034750e-02	5.681810e-02	1.329478e-01	1.616930e-01	
2.811570e-02	2.571040e-02	3.571860e-02	2.944070e-02	2.332690e-02	2.491120e-02	3.199090e-02	6.174810e-02	8.070030e-02	3.190030e-02	3.941420e-02	1.626371e-01	7.084960e-02	5.744390e-02	1.143394e-01	1.817527e-01	
4.449520e-02	7.066010e-02	5.772130e-02	3.011590e-02	2.271750e-02	4.200810e-02	3.554840e-02	3.969180e-02	5.005910e-02	3.719330e-02	3.561040e-02	9.860030e-02	7.260920e-02	1.047297e-01	1.403377e-01	1.179020e-01	
5.064370e-02	6.418750e-02	4.935600e-02	2.569380e-02	6.382290e-02	6.496090e-02	5.850060e-02	6.730680e-02	6.773030e-02	3.148810e-02	4.975170e-02	1.202477e-01	5.655710e-02	5.819460e-02	1.180404e-01	5.351790e-02	
4.147990e-02	8.040150e-02	8.580950e-02	3.106310e-02	3.277660e-02	5.926080e-02	7.117110e-02	5.562260e-02	4.465880e-02	3.293700e-02	9.692380e-02	1.011291e-01	3.693010e-02	6.028140e-02	1.362543e-01	3.330040e-02	
3.716110e-02	2.877620e-02	5.858060e-02	3.132750e-02	3.745300e-02	3.112940e-02	7.264160e-02	9.165670e-02	7.273390e-02	2.356680e-02	1.377439e-01	1.561141e-01	3.971090e-02	3.215920e-02	1.136882e-01	3.555690e-02	
2.902420e-02	3.141110e-02	7.689500e-02	4.972860e-02	1.361290e-02	1.395630e-02	3.929400e-02	4.876840e-02	5.907810e-02	2.902330e-02	1.477546e-01	1.467983e-01	4.114770e-02	4.700210e-02	1.395299e-01	8.697550e-02	
1.789620e-02	2.548930e-02	6.038410e-02	3.909330e-02	1.384340e-02	1.358970e-02	4.148320e-02	5.247650e-02	5.895380e-02	2.972910e-02	1.580708e-01	1.567198e-01	3.890700e-02	4.758590e-02	1.334021e-01	1.123758e-01	
1.468130e-02	2.543020e-02	5.555420e-02	3.393470e-02	1.337780e-02	1.332720e-02	3.872990e-02	5.095910e-02	5.436960e-02	3.079670e-02	1.523668e-01	1.558071e-01	3.832610e-02	5.153800e-02	1.322302e-01	1.385711e-01	
1.324800e-02	2.549590e-02	5.142840e-02	3.058250e-02	1.335600e-02	1.481180e-02	3.843770e-02	5.448660e-02	5.113840e-02	3.424040e-02	1.376421e-01	1.558602e-01	3.859690e-02	5.591030e-02	1.321493e-01	1.526155e-01	
1.345140e-02	2.567040e-02	4.767760e-02	2.953990e-02	1.375560e-02	1.827470e-02	3.932840e-02	5.909970e-02	5.203730e-02	3.955420e-02	1.114144e-01	1.566516e-01	4.105180e-02	6.082990e-02	1.341529e-01	1.575102e-01	
1.519930e-02	2.976230e-02	4.576580e-02	2.956870e-02	1.487990e-02	2.785330e-02	4.073230e-02	6.086370e-02	5.257730e-02	4.660150e-02	8.288750e-02	1.505070e-01	4.253870e-02	7.247250e-02	1.373070e-01	1.504832e-01	
3.067010e-02	3.339120e-02	3.572910e-02	2.540480e-02	3.308630e-02	3.708190e-02	3.829520e-02	6.822620e-02	8.299310e-02	3.412000e-02	3.875120e-02	1.508283e-01	6.885140e-02	6.542410e-02	1.166373e-01	1.405098e-01	
5.587050e-02	7.466940e-02	5.529350e-02	2.976750e-02	3.593660e-02	4.641390e-02	4.003960e-02	4.762710e-02	5.833770e-02	3.229980e-02	3.332790e-02	1.054474e-01	7.149570e-02	8.608720e-02	1.341136e-01	9.327260e-02	
6.645880e-02	6.514220e-02	5.930300e-02	3.073650e-02	6.403410e-02	5.174970e-02	5.736550e-02	6.632100e-02	6.613930e-02	2.534530e-02	5.232110e-02	1.189689e-01	5.881070e-02	5.013010e-02	1.193613e-01	4.781250e-02	
4.842680e-02	6.354700e-02	1.042912e-01	3.917790e-02	2.578690e-02	4.075940e-02	7.255690e-02	5.326410e-02	4.348670e-02	2.658970e-02	1.139417e-01	1.043328e-01	3.985580e-02	5.078600e-02	1.371463e-01	3.605080e-02	
2.417460e-02	3.218100e-02	6.663690e-02	3.456370e-02	1.944800e-02	2.787530e-02	6.570540e-02	6.865340e-02	5.687760e-02	3.288210e-02	1.843480e-01	1.538284e-01	2.955090e-02	4.159470e-02	1.185255e-01	4.315450e-02	
1.809380e-02	2.265600e-02	5.197370e-02	3.732760e-02	1.472670e-02	1.610440e-02	4.550850e-02	5.819350e-02	6.480910e-02	3.314050e-02	1.662193e-01	1.710469e-01	3.859250e-02	4.431290e-02	1.283512e-01	8.894340e-02	
1.647390e-02	2.651350e-02	5.601010e-02	3.722460e-02	1.328040e-02	1.294000e-02	3.921730e-02	5.077610e-02	5.651140e-02	3.046190e-02	1.474192e-01	1.576602e-01	4.175450e-02	5.086140e-02	1.336971e-01	1.291984e-01	
1.495130e-02	2.600890e-02	5.297340e-02	3.408660e-02	1.351430e-02	1.382150e-02	3.890330e-02	5.453770e-02	5.265100e-02	3.311060e-02	1.334487e-01	1.571334e-01	4.105470e-02	5.213700e-02	1.315620e-01	1.501056e-01	
1.490390e-02	2.487830e-02	4.932230e-02	3.306680e-02	1.369380e-02	1.609790e-02	3.774540e-02	5.754090e-02	5.464000e-02	3.799320e-02	1.074834e-01	1.567708e-01	4.313720e-02	5.538470e-02	1.355408e-01	1.618006e-01	
1.936010e-02	3.104060e-02	4.427370e-02	3.170050e-02	1.691470e-02	2.694270e-02	3.529880e-02	5.519790e-02	6.227030e-02	4.780990e-02	7.263590e-02	1.473758e-01	5.203970e-02	7.279900e-02	1.288205e-01	1.555199e-01	
4.730910e-02	5.097890e-02	3.069050e-02	2.160630e-02	4.085870e-02	5.678300e-02	3.037200e-02	5.057850e-02	8.924700e-02	4.000050e-02	2.348600e-02	1.282954e-01	8.916990e-02	8.568230e-02	9.073190e-02	1.242100e-01	
8.972310e-02	1.138200e-01	4.619860e-02	1.684300e-02	6.220940e-02	9.039560e-02	4.304610e-02	3.779360e-02	4.979940e-02	2.234110e-02	1.848010e-02	8.465980e-02	7.583730e-02	8.325950e-02	1.094019e-01	5.619150e-02	
9.666630e-02	8.711140e-02	6.725650e-02	2.653500e-02	9.485370e-02	7.503480e-02	6.786680e-02	7.206090e-02	4.549770e-02	1.419940e-02	4.790210e-02	1.095275e-01	4.180560e-02	3.070960e-02	1.012618e-01	2.171090e-02	
6.008990e-02	6.758710e-02	1.049283e-01	4.621800e-02	2.974880e-02	4.318640e-02	7.075030e-02	6.336970e-02	4.201140e-02	1.928210e-02	1.153073e-01	1.076864e-01	3.785090e-02	4.002710e-02	1.285290e-01	2.342730e-02	
3.435070e-02	2.676160e-02	6.402980e-02	4.455890e-02	2.272530e-02	1.946510e-02	5.281390e-02	7.507840e-02	7.680000e-02	2.233290e-02	1.508971e-01	1.694849e-01	4.242880e-02	3.519180e-02	1.127709e-01	5.030990e-02	
2.417150e-02	2.710670e-02	7.259130e-02	5.243530e-02	1.277780e-02	1.047470e-02	3.481890e-02	4.568000e-02	5.925070e-02	2.279410e-02	1.453632e-01	1.531037e-01	4.252030e-02	4.596960e-02	1.271719e-01	1.237703e-01	
1.516000e-02	2.534410e-02	6.002050e-02	3.819570e-02	1.322460e-02	1.000690e-02	3.320790e-02	4.990570e-02	5.556200e-02	2.351980e-02	1.564715e-01	1.443920e-01	3.913570e-02	5.029190e-02	1.309775e-01	1.545842e-01	
1.200120e-02	2.483590e-02	5.482530e-02	3.141990e-02	1.278790e-02	1.052070e-02	3.238520e-02	5.346890e-02	5.414280e-02	2.802250e-02	1.620056e-01	1.365065e-01	3.607040e-02	5.347260e-02	1.314086e-01	1.661260e-01	
1.103520e-02	2.457890e-02	5.223810e-02	2.715010e-02	1.278220e-02	1.297250e-02	3.491400e-02	5.618300e-02	5.290210e-02	3.520990e-02	1.570636e-01	1.354491e-01	3.536150e-02	5.768960e-02	1.310286e-01	1.634416e-01	
1.255400e-02	2.677470e-02	4.633230e-02	2.642000e-02	1.412020e-02	2.081360e-02	3.666070e-02	5.885640e-02	5.393440e-02	5.000570e-02	1.290703e-01	1.422339e-01	3.944220e-02	6.963930e-02	1.192656e-01	1.538767e-01	
1.958920e-02	3.401230e-02	4.070850e-02	2.574080e-02	2.156830e-02	3.492110e-02	3.891100e-02	7.183290e-02	6.805540e-02	4.987130e-02	6.620840e-02	1.471938e-01	5.071090e-02	7.638000e-02	1.050887e-01	1.492074e-01	
3.651650e-02	5.463710e-02	4.686990e-02	2.190030e-02	3.141680e-02	6.364180e-02	5.000130e-02	5.012480e-02	6.118070e-02	4.559680e-02	3.591140e-02	1.082277e-01	6.724760e-02	9.889100e-02	1.227478e-01	1.050885e-01	
5.447220e-02	6.876340e-02	5.067080e-02	2.245520e-02	6.330760e-02	8.003330e-02	5.736930e-02	6.205650e-02	6.610910e-02	3.178830e-02	4.110450e-02	1.165285e-01	5.592750e-02	6.757750e-02	1.118623e-01	4.997400e-02	
5.996660e-02	6.513770e-02	8.394720e-02	3.076490e-02	5.013940e-02	5.854210e-02	7.286770e-02	6.661330e-02	5.215630e-02	2.299120e-02	7.854150e-02	1.073179e-01	4.621710e-02	4.671600e-02	1.274572e-01	3.062390e-02	
4.002770e-02	4.737670e-02	7.737710e-02	4.369790e-02	2.732650e-02	3.179430e-02	5.677070e-02	7.749550e-02	6.361850e-02	2.667580e-02	1.492558e-01	1.232635e-01	3.416210e-02	4.314810e-02	1.019970e-01	5.601280e-02	
2.529520e-02	2.896370e-02	6.419360e-02	4.668230e-02	1.679730e-02	2.029940e-02	4.983490e-02	6.206330e-02	5.394920e-02	3.162430e-02	1.521257e-01	1.477014e-01	3.789890e-02	4.831390e-02	1.252088e-01	8.904810e-02	
1.667780e-02	2.580060e-02	5.361690e-02	3.784530e-02	1.411800e-02	1.605850e-02	4.385820e-02	5.516660e-02	5.387120e-02	3.136250e-02	1.541422e-01	1.519871e-01	4.004790e-02	5.230100e-02	1.310750e-01	1.220712e-01	
1.450480e-02	2.696840e-02	5.176380e-02	3.147790e-02	1.412140e-02	1.597010e-02	4.366670e-02	5.176440e-02	5.175220e-02	3.245910e-02	1.467157e-01	1.517653e-01	4.183890e-02	5.492550e-02	1.294252e-01	1.408806e-01	
1.441810e-02	2.737670e-02	5.165650e-02	2.876600e-02	1.396280e-02	1.706990e-02	4.483010e-02	5.446030e-02	5.092780e-02	3.596850e-02	1.321258e-01	1.525493e-01	4.186260e-02	5.571320e-02	1.306896e-01	1.476228e-01	
1.592610e-02	2.718000e-02	4.907820e-02	2.898700e-02	1.437930e-02	2.070890e-02	4.294240e-02	5.809770e-02	5.823750e-02	4.266990e-02	1.022606e-01	1.561340e-01	4.335860e-02	5.791270e-02	1.319526e-01	1.501745e-01	
1.850580e-02	3.552090e-02	5.112870e-02	2.674610e-02	1.593940e-02	3.492210e-02	4.425220e-02	5.335780e-02	5.899170e-02	5.218950e-02	7.497120e-02	1.400814e-01	4.236540e-02	7.356960e-02	1.446271e-01	1.328311e-01	
2.437600e-02	4.682320e-02	4.241810e-02	2.218500e-02	3.492810e-02	4.205610e-02	4.456260e-02	7.465530e-02	8.121840e-02	4.061690e-02	4.895070e-02	1.441932e-01	4.355420e-02	6.709500e-02	1.417980e-01	1.005692e-01	
5.739300e-02	5.601420e-02	4.279550e-02	2.787400e-02	6.006290e-02	2.836870e-02	3.545290e-02	7.270670e-02	9.052070e-02	2.349260e-02	2.963610e-02	1.340800e-01	5.747450e-02	5.307440e-02	1.401259e-01	9.092790e-02	
1.129318e-01	5.983350e-02	5.493410e-02	3.775170e-02	5.914330e-02	2.253130e-02	2.868890e-02	5.058640e-02	7.464740e-02	1.537890e-02	3.261090e-02	1.253732e-01	8.156780e-02	5.074790e-02	1.209402e-01	7.233270e-02	
8.080600e-02	6.085020e-02	1.406280e-01	4.600610e-02	1.780930e-02	2.565300e-02	6.601020e-02	3.901910e-02	4.015580e-02	1.551570e-02	9.626570e-02	8.523690e-02	5.525310e-02	5.657400e-02	1.294608e-01	4.475610e-02	
2.585480e-02	3.771550e-02	9.504080e-02	3.541310e-02	1.328320e-02	2.319590e-02	7.050900e-02	5.160480e-02	5.525610e-02	3.204360e-02	2.230269e-01	1.220381e-01	2.510500e-02	4.081830e-02	1.092182e-01	3.987670e-02	
1.624700e-02	1.801440e-02	5.317870e-02	3.205900e-02	1.482560e-02	1.418980e-02	4.859950e-02	5.615840e-02	7.477070e-02	3.209640e-02	1.963760e-01	1.945518e-01	3.145930e-02	3.364760e-02	1.134266e-01	7.039920e-02	
1.453830e-02	2.413220e-02	6.104200e-02	3.759010e-02	1.138020e-02	9.634800e-03	3.277970e-02	4.415350e-02	5.642690e-02	2.667780e-02	1.677962e-01	1.606799e-01	3.567810e-02	4.684120e-02	1.382264e-01	1.324227e-01	
1.132680e-02	2.348030e-02	5.181600e-02	3.140040e-02	1.221820e-02	1.116010e-02	3.199780e-02	5.190990e-02	5.066280e-02	3.093440e-02	1.599490e-01	1.582981e-01	3.319040e-02	5.093260e-02	1.335688e-01	1.571544e-01	
1.081180e-02	2.315030e-02	4.132420e-02	3.211190e-02	1.128670e-02	1.467280e-02	2.928830e-02	6.125960e-02	4.424020e-02	4.012570e-02	1.218534e-01	1.711123e-01	3.483320e-02	5.961960e-02	1.202926e-01	1.840174e-01	
1.919610e-02	2.126750e-02	3.048490e-02	3.022340e-02	1.868770e-02	2.256880e-02	2.843280e-02	6.787910e-02	6.568640e-02	3.388380e-02	4.679220e-02	1.663961e-01	6.323830e-02	6.278310e-02	1.036287e-01	2.188511e-01	
3.707490e-02	5.552710e-02	4.844270e-02	2.576380e-02	1.918250e-02	4.687580e-02	3.646890e-02	3.797600e-02	4.391580e-02	3.663120e-02	3.286960e-02	9.592200e-02	8.318490e-02	1.164238e-01	1.350103e-01	1.487307e-01	
4.761100e-02	6.314150e-02	5.113220e-02	2.147340e-02	5.200090e-02	7.957300e-02	6.554860e-02	5.833540e-02	5.525670e-02	3.098460e-02	5.095160e-02	1.155986e-01	5.885760e-02	6.882570e-02	1.242762e-01	5.643300e-02	
5.335150e-02	5.562140e-02	7.330670e-02	3.144660e-02	4.914720e-02	5.033140e-02	7.280500e-02	7.024120e-02	5.590710e-02	2.350680e-02	8.645370e-02	1.260410e-01	4.467370e-02	4.093860e-02	1.293310e-01	3.689710e-02	
3.322080e-02	4.421040e-02	8.522930e-02	4.041900e-02	2.033850e-02	3.115420e-02	6.292200e-02	5.598350e-02	4.908450e-02	2.947800e-02	1.532900e-01	1.300439e-01	3.553930e-02	4.512290e-02	1.449762e-01	3.898750e-02	
2.333310e-02	2.240950e-02	5.539220e-02	3.704830e-02	1.766480e-02	1.728000e-02	4.821990e-02	6.680080e-02	6.977500e-02	2.594770e-02	1.720426e-01	1.786522e-01	3.949850e-02	3.790740e-02	1.271276e-01	6.090040e-02	
1.982540e-02	2.407710e-02	6.139780e-02	4.497110e-02	1.163430e-02	1.112750e-02	3.642750e-02	4.435530e-02	5.661280e-02	2.424880e-02	1.593241e-01	1.625966e-01	4.324740e-02	4.543930e-02	1.330921e-01	1.216229e-01	
1.484570e-02	2.540860e-02	5.621830e-02	3.484730e-02	1.286750e-02	1.049700e-02	3.618330e-02	4.534490e-02	5.070010e-02	2.385470e-02	1.593937e-01	1.562930e-01	4.042030e-02	4.827600e-02	1.310747e-01	1.537749e-01	
1.283890e-02	2.472400e-02	5.148400e-02	2.978670e-02	1.267540e-02	1.112730e-02	3.480240e-02	4.943120e-02	4.782120e-02	2.855340e-02	1.524133e-01	1.540821e-01	3.874150e-02	5.133490e-02	1.307053e-01	1.694784e-01	
1.238950e-02	2.386230e-02	4.777100e-02	2.805420e-02	1.206750e-02	1.400890e-02	3.561420e-02	5.404900e-02	4.898060e-02	3.654330e-02	1.303219e-01	1.535592e-01	3.989860e-02	5.732010e-02	1.316800e-01	1.738797e-01	
1.408860e-02	2.598690e-02	4.533110e-02	2.792960e-02	1.350100e-02	2.181730e-02	3.858630e-02	5.783000e-02	5.484820e-02	4.444260e-02	9.546960e-02	1.506267e-01	4.398320e-02	6.663290e-02	1.335340e-01	1.653920e-01	
2.176630e-02	2.831850e-02	4.876150e-02	2.757470e-02	2.121000e-02	3.165040e-02	4.626510e-02	5.975420e-02	6.569190e-02	3.823840e-02	6.805360e-02	1.409371e-01	5.508100e-02	6.482770e-02	1.446371e-01	1.372325e-01	
3.347340e-02	5.246130e-02	4.898490e-02	2.882960e-02	2.762990e-02	3.728550e-02	3.584920e-02	6.227040e-02	7.145630e-02	3.585720e-02	8.829860e-02	1.121052e-01	5.776590e-02	7.462840e-02	1.031698e-01	1.299344e-01	
3.654750e-02	6.956410e-02	5.720250e-02	2.701140e-02	4.071930e-02	5.112360e-02	5.063690e-02	5.775260e-02	7.062140e-02	4.275760e-02	5.009400e-02	1.128295e-01	5.277020e-02	7.962800e-02	1.299283e-01	7.081310e-02	
3.554630e-02	7.312690e-02	6.510060e-02	2.688460e-02	5.182250e-02	5.898090e-02	6.039980e-02	7.187010e-02	6.259750e-02	3.917040e-02	7.856750e-02	1.075263e-01	4.132590e-02	6.100130e-02	1.275365e-01	3.854290e-02	
4.422480e-02	4.868110e-02	6.434470e-02	3.404160e-02	4.480520e-02	3.967930e-02	6.086370e-02	8.693130e-02	6.877500e-02	2.693100e-02	9.936830e-02	1.365301e-01	4.151310e-02	4.435180e-02	1.140100e-01	4.494900e-02	
3.854700e-02	3.982010e-02	7.473310e-02	4.621790e-02	2.204630e-02	2.403060e-02	4.893740e-02	6.462890e-02	5.756260e-02	2.766500e-02	1.196774e-01	1.336817e-01	4.398300e-02	5.098270e-02	1.372641e-01	7.022220e-02	
2.540320e-02	3.048940e-02	6.338480e-02	4.286150e-02	1.726450e-02	1.830820e-02	4.554710e-02	6.137860e-02	6.133710e-02	2.901870e-02	1.387668e-01	1.514894e-01	4.332920e-02	4.912500e-02	1.324820e-01	8.981450e-02	
2.031900e-02	2.880670e-02	5.954430e-02	3.866400e-02	1.529430e-02	1.558690e-02	4.224420e-02	5.381590e-02	5.884680e-02	2.851900e-02	1.391802e-01	1.536347e-01	4.556250e-02	5.229580e-02	1.305929e-01	1.170928e-01	
1.822620e-02	2.859780e-02	5.826180e-02	3.493680e-02	1.534960e-02	1.524370e-02	4.179560e-02	5.281950e-02	5.499490e-02	2.933010e-02	1.360582e-01	1.511784e-01	4.529890e-02	5.383320e-02	1.295878e-01	1.344875e-01	
1.733030e-02	2.788190e-02	5.563110e-02	3.302630e-02	1.539680e-02	1.603440e-02	4.068980e-02	5.488380e-02	5.446630e-02	3.285690e-02	1.284910e-01	1.498892e-01	4.497110e-02	5.495020e-02	1.286326e-01	1.448683e-01	
1.834250e-02	2.799750e-02	5.360430e-02	3.222020e-02	1.647350e-02	1.930360e-02	4.022020e-02	5.572610e-02	5.835870e-02	3.764810e-02	1.137112e-01	1.437265e-01	4.698400e-02	5.894120e-02	1.297683e-01	1.469741e-01	
2.243410e-02	3.172440e-02	5.395960e-02	3.204060e-02	1.960630e-02	2.717250e-02	4.147310e-02	5.563850e-02	6.218220e-02	4.318750e-02	9.890470e-02	1.330296e-01	5.146780e-02	6.665970e-02	1.257658e-01	1.347536e-01	
3.108600e-02	4.282150e-02	5.097880e-02	3.080410e-02	2.798690e-02	3.658730e-02	4.180510e-02	6.236480e-02	7.079700e-02	4.226860e-02	7.775870e-02	1.292789e-01	5.600790e-02	7.213180e-02	1.057271e-01	1.215955e-01	
3.904350e-02	5.476780e-02	6.041250e-02	3.165400e-02	3.436810e-02	4.604090e-02	5.280650e-02	6.059370e-02	6.375720e-02	4.021050e-02	5.999950e-02	1.123025e-01	5.625730e-02	7.896850e-02	1.217649e-01	8.705260e-02	
4.070630e-02	5.300860e-02	6.539410e-02	3.431710e-02	4.428140e-02	4.421740e-02	5.722580e-02	7.426310e-02	6.875930e-02	3.382840e-02	7.362910e-02	1.187666e-01	5.038680e-02	6.014130e-02	1.192323e-01	6.184240e-02	
3.608260e-02	5.196250e-02	7.632830e-02	3.976040e-02	3.018610e-02	3.795500e-02	5.690830e-02	6.614630e-02	5.976670e-02	3.535330e-02	1.037664e-01	1.165949e-01	4.582750e-02	6.071740e-02	1.259948e-01	5.664950e-02	
2.763160e-02	4.026230e-02	6.497700e-02	3.899200e-02	2.482800e-02	2.993580e-02	5.325870e-02	7.796570e-02	6.380290e-02	3.420850e-02	1.233273e-01	1.416591e-01	3.739190e-02	5.107950e-02	1.110246e-01	7.965510e-02	
2.354410e-02	3.409740e-02	6.268240e-02	3.333050e-02	1.970920e-02	2.454300e-02	4.935190e-02	6.188200e-02	5.828460e-02	3.292820e-02	1.245275e-01	1.368473e-01	4.111800e-02	5.461390e-02	1.326078e-01	1.099322e-01	
4.736680e-02	2.496730e-02	3.669280e-02	3.362900e-02	3.905620e-02	1.767230e-02	2.828640e-02	6.116760e-02	1.235632e-01	2.521240e-02	7.612960e-02	1.442644e-01	9.103860e-02	4.394470e-02	8.525330e-02	1.217554e-01	
