3.698790e-02	4.621070e-02	5.677140e-02	4.165980e-02	8.536470e-02	6.192380e-02	8.119150e-02	7.822780e-02	7.578700e-02	6.728470e-02	5.059760e-02	1.317596e-01	4.582900e-02	5.341710e-02	5.767200e-02	2.931540e-02	
4.604050e-02	6.583260e-02	7.794730e-02	5.414820e-02	5.968810e-02	4.945440e-02	6.262120e-02	5.707260e-02	5.379850e-02	5.483070e-02	3.980980e-02	9.779350e-02	6.396430e-02	8.531140e-02	8.880930e-02	4.287760e-02	
5.381210e-02	5.537180e-02	6.396280e-02	5.034470e-02	7.541000e-02	5.117820e-02	6.074240e-02	6.809850e-02	7.286640e-02	5.309390e-02	3.488680e-02	1.083405e-01	7.071040e-02	6.807280e-02	7.201670e-02	4.109200e-02	
6.350790e-02	7.774640e-02	7.935110e-02	5.219350e-02	5.998920e-02	5.518430e-02	5.842870e-02	5.411450e-02	6.121650e-02	5.490050e-02	3.514210e-02	8.034960e-02	6.708630e-02	8.072630e-02	7.653150e-02	4.353160e-02	
6.490350e-02	6.992550e-02	6.712430e-02	4.984660e-02	7.872140e-02	6.288290e-02	6.259340e-02	6.435980e-02	7.130940e-02	5.223070e-02	3.378510e-02	9.212820e-02	6.371430e-02	6.902070e-02	6.062960e-02	3.682460e-02	
6.642540e-02	7.863040e-02	7.879180e-02	5.480100e-02	7.139840e-02	6.456090e-02	6.259830e-02	5.550220e-02	5.837270e-02	4.934940e-02	3.788140e-02	7.852890e-02	6.102020e-02	7.689970e-02	6.943420e-02	3.580510e-02	
6.654070e-02	5.897660e-02	7.161020e-02	6.008920e-02	9.106230e-02	5.096740e-02	5.929590e-02	6.811480e-02	6.853780e-02	4.198010e-02	3.702520e-02	1.011626e-01	6.498290e-02	6.031890e-02	6.497650e-02	3.435890e-02	
6.293210e-02	6.797120e-02	9.027320e-02	6.994720e-02	6.490230e-02	4.033900e-02	5.208010e-02	5.492160e-02	5.483990e-02	4.476930e-02	4.475050e-02	8.854810e-02	7.099610e-02	7.090200e-02	8.086600e-02	4.096140e-02	
4.666350e-02	6.010830e-02	8.292410e-02	6.397450e-02	6.542470e-02	3.773860e-02	5.877820e-02	6.204000e-02	5.891700e-02	5.457330e-02	5.394320e-02	1.005363e-01	6.660340e-02	6.758020e-02	8.127330e-02	3.892140e-02	
3.728190e-02	5.925800e-02	7.992810e-02	6.114060e-02	6.173350e-02	3.507880e-02	6.125830e-02	6.192980e-02	5.824890e-02	6.160560e-02	5.366170e-02	1.034026e-01	6.488760e-02	7.254930e-02	8.637390e-02	4.166140e-02	
3.132010e-02	5.966250e-02	7.426630e-02	5.690300e-02	6.033210e-02	3.774950e-02	6.656520e-02	6.384490e-02	5.920770e-02	6.741930e-02	4.884230e-02	1.057527e-01	5.969400e-02	7.719920e-02	8.700870e-02	4.423250e-02	
2.997360e-02	6.086490e-02	6.903260e-02	5.068280e-02	5.886780e-02	4.666020e-02	7.210540e-02	6.439710e-02	6.018400e-02	6.977210e-02	4.281760e-02	1.039088e-01	5.468950e-02	8.265460e-02	8.690670e-02	4.648230e-02	
3.436060e-02	6.333360e-02	6.293000e-02	4.309070e-02	6.117430e-02	6.123110e-02	7.338820e-02	6.415820e-02	6.384450e-02	7.031990e-02	3.549970e-02	1.011982e-01	5.324030e-02	8.661390e-02	7.985530e-02	4.576150e-02	
4.113040e-02	6.818940e-02	6.816310e-02	3.513680e-02	6.357930e-02	7.981980e-02	8.043370e-02	5.766570e-02	5.878940e-02	6.753330e-02	3.468330e-02	9.066720e-02	4.894380e-02	8.802970e-02	7.953420e-02	3.770090e-02	
6.138950e-02	5.433120e-02	6.142440e-02	3.529780e-02	9.453040e-02	6.586410e-02	7.310660e-02	7.007110e-02	7.899360e-02	4.878200e-02	3.079560e-02	1.042431e-01	6.693080e-02	5.957070e-02	6.466640e-02	3.000270e-02	
8.588970e-02	8.472810e-02	7.867440e-02	5.255210e-02	6.679150e-02	5.149970e-02	5.124080e-02	5.901600e-02	7.286240e-02	4.155710e-02	2.980930e-02	8.576420e-02	7.397930e-02	6.606560e-02	6.195100e-02	3.761880e-02	
7.397600e-02	9.125340e-02	8.034310e-02	5.395040e-02	6.977600e-02	6.016990e-02	5.928830e-02	5.461630e-02	6.652050e-02	4.196120e-02	3.281680e-02	8.037700e-02	6.160380e-02	7.387310e-02	6.412050e-02	3.535370e-02	
6.590470e-02	7.176270e-02	7.525890e-02	5.895000e-02	9.093470e-02	5.541960e-02	5.834120e-02	6.256210e-02	6.612710e-02	3.927600e-02	3.490540e-02	9.626020e-02	6.123640e-02	6.586570e-02	6.506050e-02	3.213480e-02	
7.042510e-02	6.273750e-02	8.257760e-02	6.846270e-02	7.769550e-02	4.237960e-02	5.168720e-02	6.056170e-02	6.144010e-02	3.752560e-02	4.148310e-02	9.311720e-02	7.482720e-02	6.408440e-02	7.439530e-02	3.660020e-02	
5.573970e-02	6.237520e-02	9.008330e-02	7.618970e-02	6.699890e-02	3.201620e-02	4.997450e-02	5.773750e-02	5.965040e-02	4.408900e-02	4.949770e-02	9.690610e-02	7.253650e-02	6.500210e-02	8.159020e-02	3.961300e-02	
3.864690e-02	5.850940e-02	8.617990e-02	7.158930e-02	6.464020e-02	2.832270e-02	5.421490e-02	5.630470e-02	5.799400e-02	5.548800e-02	5.549190e-02	1.021718e-01	6.972100e-02	6.949360e-02	8.779430e-02	4.343740e-02	
2.795750e-02	5.807190e-02	8.021780e-02	6.475490e-02	6.500640e-02	2.850170e-02	6.117130e-02	5.713430e-02	5.618440e-02	6.656050e-02	5.498570e-02	1.059504e-01	6.330090e-02	7.499260e-02	8.922720e-02	4.598250e-02	
2.423280e-02	5.793330e-02	7.105840e-02	5.922470e-02	6.536180e-02	3.291060e-02	6.706110e-02	6.279320e-02	5.696160e-02	7.138970e-02	4.776080e-02	1.094899e-01	5.669000e-02	7.990580e-02	8.696620e-02	5.026010e-02	
2.101050e-02	6.867410e-02	7.111790e-02	4.244370e-02	5.052870e-02	5.341660e-02	8.093250e-02	5.726160e-02	4.690720e-02	8.823730e-02	4.643060e-02	9.127140e-02	4.031570e-02	1.002293e-01	9.510910e-02	4.611380e-02	
2.840000e-02	4.568040e-02	5.152260e-02	3.315910e-02	7.691160e-02	6.910380e-02	8.630840e-02	7.823350e-02	7.312560e-02	6.828840e-02	3.285310e-02	1.193230e-01	4.786190e-02	7.211690e-02	7.633480e-02	4.077690e-02	
5.277080e-02	6.734650e-02	6.845250e-02	3.772930e-02	6.845920e-02	6.635730e-02	6.897590e-02	5.139710e-02	6.313630e-02	6.266980e-02	2.904900e-02	9.216380e-02	6.141670e-02	8.731210e-02	7.908550e-02	4.367820e-02	
6.892340e-02	7.331990e-02	6.664610e-02	3.689360e-02	9.690360e-02	7.420270e-02	6.358760e-02	4.899180e-02	6.624440e-02	5.414460e-02	2.591550e-02	9.925840e-02	6.099290e-02	7.534240e-02	5.883370e-02	2.979940e-02	
8.926710e-02	7.714460e-02	7.196520e-02	5.468740e-02	1.152829e-01	6.200830e-02	4.825230e-02	5.146610e-02	5.919330e-02	3.583950e-02	2.314860e-02	9.680150e-02	6.830050e-02	6.693010e-02	5.207440e-02	2.763820e-02	
7.060370e-02	8.509710e-02	1.076231e-01	6.871990e-02	8.226270e-02	5.822490e-02	5.450090e-02	4.693400e-02	4.276990e-02	3.389300e-02	4.022340e-02	7.855420e-02	5.638850e-02	7.231970e-02	7.641770e-02	2.546730e-02	
5.855610e-02	4.618350e-02	7.817480e-02	6.911040e-02	9.163240e-02	3.298840e-02	5.134580e-02	7.356810e-02	7.119190e-02	3.586890e-02	4.926770e-02	1.224366e-01	6.853980e-02	4.917290e-02	7.177260e-02	3.019010e-02	
4.087700e-02	6.650120e-02	9.894810e-02	8.359390e-02	4.973530e-02	2.337170e-02	4.517450e-02	4.593220e-02	5.121410e-02	5.121970e-02	5.616090e-02	9.196620e-02	7.350460e-02	7.321840e-02	9.611860e-02	5.246360e-02	
2.570990e-02	5.412090e-02	7.470680e-02	6.079340e-02	6.279160e-02	2.815980e-02	6.365290e-02	5.970670e-02	5.781780e-02	6.891400e-02	6.038870e-02	1.092816e-01	6.174310e-02	7.321080e-02	8.927540e-02	4.972660e-02	
2.397740e-02	5.780890e-02	7.181290e-02	5.446320e-02	5.934040e-02	3.275770e-02	7.050980e-02	6.179760e-02	5.542090e-02	7.394250e-02	5.316050e-02	1.054999e-01	5.451290e-02	8.122140e-02	9.159290e-02	5.218110e-02	
2.997680e-02	5.740660e-02	5.923070e-02	4.663750e-02	6.432700e-02	4.420610e-02	7.010810e-02	6.708930e-02	6.304110e-02	7.535680e-02	4.198350e-02	1.066947e-01	5.343710e-02	8.351110e-02	8.115560e-02	5.583800e-02	
4.902450e-02	6.582450e-02	5.770760e-02	3.822540e-02	1.003797e-01	5.247320e-02	4.963140e-02	5.799630e-02	6.370990e-02	6.725440e-02	2.430730e-02	9.720630e-02	5.875190e-02	9.367480e-02	7.118410e-02	5.264870e-02	
4.988760e-02	1.182851e-01	7.444850e-02	2.924480e-02	9.234510e-02	9.125380e-02	5.270740e-02	4.292060e-02	3.471140e-02	7.882370e-02	2.630470e-02	6.299060e-02	4.130250e-02	1.177542e-01	6.016130e-02	2.685870e-02	
4.264100e-02	8.520210e-02	6.059020e-02	2.981330e-02	1.066127e-01	1.242062e-01	8.802060e-02	8.727730e-02	4.069950e-02	5.786590e-02	2.996710e-02	8.508940e-02	3.517630e-02	6.939500e-02	4.146360e-02	1.597980e-02	
5.779860e-02	6.881390e-02	5.932820e-02	3.918880e-02	7.722370e-02	8.714280e-02	8.117310e-02	9.112960e-02	5.190830e-02	4.338540e-02	3.119580e-02	9.355200e-02	6.192770e-02	7.312090e-02	5.890130e-02	2.420990e-02	
8.163400e-02	5.081690e-02	6.063710e-02	5.577030e-02	8.374130e-02	4.811760e-02	5.903250e-02	8.157160e-02	6.730240e-02	2.842820e-02	2.615050e-02	1.087173e-01	9.102080e-02	5.833070e-02	6.760160e-02	3.112720e-02	
8.342850e-02	6.790790e-02	9.753150e-02	7.483060e-02	5.372810e-02	3.284920e-02	4.414690e-02	5.496920e-02	5.284000e-02	3.286840e-02	3.863580e-02	8.907750e-02	8.548390e-02	6.827850e-02	8.863870e-02	3.478530e-02	
5.438550e-02	6.070650e-02	8.939450e-02	7.099400e-02	5.570610e-02	2.951870e-02	5.314820e-02	6.353100e-02	6.401600e-02	4.668960e-02	4.924060e-02	1.090067e-01	7.205020e-02	6.158370e-02	8.501530e-02	3.501340e-02	
3.841030e-02	5.817140e-02	8.130750e-02	6.826860e-02	5.515130e-02	2.727880e-02	5.638800e-02	5.968040e-02	6.402120e-02	5.470960e-02	4.651410e-02	1.115537e-01	7.034140e-02	7.125880e-02	9.266550e-02	4.427940e-02	
3.150660e-02	5.748960e-02	7.440870e-02	6.451930e-02	5.628660e-02	3.190850e-02	6.406870e-02	5.915480e-02	6.308120e-02	5.978210e-02	4.241690e-02	1.115949e-01	6.228240e-02	7.805280e-02	9.205880e-02	5.138810e-02	
3.256210e-02	5.781630e-02	6.580290e-02	5.697550e-02	5.863820e-02	4.211460e-02	6.675980e-02	5.972040e-02	6.391130e-02	6.343490e-02	3.694690e-02	1.086600e-01	5.861590e-02	8.485430e-02	8.657560e-02	5.661130e-02	
3.395060e-02	6.918230e-02	6.969780e-02	4.089680e-02	5.535650e-02	6.687810e-02	7.513520e-02	5.085030e-02	5.328060e-02	7.611680e-02	3.849290e-02	8.819490e-02	4.736650e-02	1.010895e-01	8.799780e-02	4.551340e-02	
4.686970e-02	5.677530e-02	5.348810e-02	3.282110e-02	9.428680e-02	8.220230e-02	7.094880e-02	6.582880e-02	7.439870e-02	6.375550e-02	2.817930e-02	1.049902e-01	5.526490e-02	7.435420e-02	6.270390e-02	3.313240e-02	
7.894340e-02	7.969320e-02	7.122730e-02	4.095620e-02	8.898840e-02	7.763660e-02	5.924460e-02	5.121770e-02	5.987730e-02	5.012470e-02	2.504620e-02	8.027190e-02	6.457090e-02	7.866910e-02	6.099520e-02	3.253730e-02	
9.061170e-02	7.716180e-02	7.040730e-02	5.419920e-02	1.030695e-01	6.944340e-02	5.341170e-02	6.019900e-02	6.192460e-02	3.897850e-02	2.567770e-02	8.993250e-02	6.486600e-02	6.299560e-02	5.015240e-02	2.696910e-02	
8.378480e-02	7.837940e-02	9.404210e-02	6.426550e-02	8.103640e-02	5.770070e-02	5.590590e-02	5.393630e-02	5.236070e-02	3.548420e-02	3.817030e-02	7.363390e-02	6.621010e-02	6.769570e-02	7.045960e-02	2.693440e-02	
7.907440e-02	5.136010e-02	7.499450e-02	7.796300e-02	9.418740e-02	3.014330e-02	4.536760e-02	6.956170e-02	8.090030e-02	3.308980e-02	3.744490e-02	1.071429e-01	7.615180e-02	4.743120e-02	6.163490e-02	3.355220e-02	
5.743630e-02	7.433450e-02	1.018430e-01	9.670010e-02	5.638020e-02	2.314780e-02	4.112810e-02	4.136830e-02	5.075970e-02	4.499420e-02	4.403880e-02	7.964920e-02	7.572550e-02	7.333710e-02	8.379520e-02	5.536200e-02	
3.479550e-02	5.624680e-02	7.907690e-02	7.018250e-02	7.408460e-02	2.957430e-02	5.909060e-02	5.306410e-02	5.513420e-02	6.298720e-02	5.586920e-02	9.681450e-02	6.729350e-02	7.266090e-02	8.203890e-02	5.108630e-02	
2.852630e-02	5.870980e-02	7.936540e-02	6.470630e-02	7.154950e-02	3.235790e-02	6.453000e-02	5.303180e-02	5.096960e-02	7.181130e-02	5.786320e-02	9.543150e-02	6.154720e-02	7.745980e-02	8.337240e-02	4.876800e-02	
2.535380e-02	5.762480e-02	7.242770e-02	5.718630e-02	7.356870e-02	3.672460e-02	6.967690e-02	6.036860e-02	5.414390e-02	7.618710e-02	5.520970e-02	9.959030e-02	5.649650e-02	7.719070e-02	8.114320e-02	4.710720e-02	
1.810060e-02	8.020240e-02	7.223150e-02	3.902840e-02	4.934450e-02	6.242780e-02	8.102040e-02	5.493450e-02	3.959800e-02	1.060031e-01	5.403180e-02	7.882460e-02	3.483970e-02	1.062283e-01	8.521260e-02	3.797180e-02	
2.638990e-02	4.556420e-02	4.276800e-02	2.716070e-02	9.034390e-02	9.036930e-02	8.702490e-02	8.712350e-02	7.586770e-02	7.575860e-02	2.908130e-02	1.117887e-01	4.350630e-02	7.064150e-02	6.308700e-02	3.352450e-02	
5.891460e-02	8.232570e-02	6.649470e-02	2.837280e-02	7.921320e-02	9.166650e-02	6.623890e-02	4.521500e-02	5.873170e-02	6.641980e-02	2.210530e-02	7.470440e-02	5.586020e-02	9.876540e-02	7.043780e-02	3.453400e-02	
8.167260e-02	8.360580e-02	5.706960e-02	3.037170e-02	1.321442e-01	9.904480e-02	5.713900e-02	5.084940e-02	6.470480e-02	5.053690e-02	1.845280e-02	9.158220e-02	5.336400e-02	6.891750e-02	4.030640e-02	2.023830e-02	
9.198700e-02	1.018709e-01	8.797010e-02	5.005760e-02	1.108799e-01	8.717690e-02	5.588130e-02	4.816690e-02	4.212890e-02	3.199100e-02	2.331450e-02	7.553340e-02	5.114160e-02	7.142790e-02	5.204420e-02	1.842790e-02	
8.830100e-02	6.164760e-02	8.147510e-02	6.471370e-02	1.084936e-01	5.224760e-02	5.699990e-02	7.472560e-02	5.704930e-02	2.715030e-02	3.012730e-02	1.048832e-01	6.265110e-02	4.982740e-02	5.857390e-02	2.113340e-02	
6.798740e-02	6.894560e-02	1.031958e-01	7.636620e-02	5.221220e-02	3.455620e-02	4.857820e-02	5.552630e-02	4.980430e-02	3.809810e-02	4.528390e-02	9.398990e-02	7.438660e-02	6.670570e-02	8.831320e-02	3.605040e-02	
4.128290e-02	5.547880e-02	8.409150e-02	6.353730e-02	5.290310e-02	3.173830e-02	5.857780e-02	6.508640e-02	6.070790e-02	5.363620e-02	5.650330e-02	1.145237e-01	6.859640e-02	6.522300e-02	9.036970e-02	3.774370e-02	
3.127320e-02	5.446610e-02	7.753230e-02	6.021870e-02	5.055780e-02	3.007800e-02	6.240110e-02	6.303940e-02	6.045430e-02	6.090620e-02	5.261020e-02	1.155716e-01	6.540070e-02	7.343480e-02	9.708840e-02	4.496720e-02	
2.770620e-02	5.515780e-02	6.817340e-02	5.664860e-02	5.043820e-02	3.559750e-02	6.754460e-02	6.530480e-02	6.257370e-02	6.513430e-02	4.358830e-02	1.183357e-01	5.918850e-02	7.970930e-02	9.354020e-02	5.135890e-02	
2.795210e-02	5.954230e-02	6.819020e-02	4.422200e-02	4.600660e-02	5.289810e-02	7.923730e-02	5.745690e-02	5.680390e-02	7.197210e-02	4.065250e-02	1.034180e-01	4.898830e-02	9.289310e-02	9.931300e-02	5.045360e-02	
4.614030e-02	4.523950e-02	5.237760e-02	3.599350e-02	8.777330e-02	5.654440e-02	6.531660e-02	6.767130e-02	8.371630e-02	5.582920e-02	2.616490e-02	1.216826e-01	6.591020e-02	7.060550e-02	7.446000e-02	4.457480e-02	
6.912990e-02	9.345030e-02	8.064840e-02	4.031150e-02	6.914740e-02	6.384460e-02	5.283860e-02	4.238800e-02	4.980130e-02	6.264340e-02	2.838000e-02	7.749440e-02	6.045450e-02	9.678410e-02	7.383420e-02	3.884940e-02	
6.894770e-02	7.552600e-02	6.310930e-02	4.095010e-02	1.050730e-01	8.249670e-02	6.463880e-02	6.451390e-02	6.012500e-02	5.004850e-02	2.782520e-02	9.770250e-02	5.579370e-02	6.733760e-02	4.959870e-02	2.631330e-02	
6.215460e-02	9.056410e-02	8.554890e-02	5.167180e-02	7.277640e-02	8.174260e-02	6.719120e-02	5.369860e-02	4.364980e-02	4.460320e-02	3.629380e-02	8.062520e-02	5.214690e-02	8.208010e-02	6.879100e-02	2.646180e-02	
7.224960e-02	4.177200e-02	6.256810e-02	5.413800e-02	1.055076e-01	4.720010e-02	6.418480e-02	8.209750e-02	7.567630e-02	2.945560e-02	3.370480e-02	1.189882e-01	7.614460e-02	4.673500e-02	6.389090e-02	2.568690e-02	
6.905580e-02	7.231220e-02	1.039441e-01	8.426600e-02	4.865490e-02	2.818070e-02	4.117850e-02	4.714860e-02	5.370570e-02	3.723840e-02	4.375720e-02	8.964730e-02	7.969830e-02	6.937900e-02	9.023900e-02	4.159430e-02	
4.210540e-02	5.740990e-02	8.315790e-02	6.844150e-02	5.967080e-02	3.049670e-02	5.605980e-02	6.088300e-02	6.348760e-02	5.235850e-02	5.445820e-02	1.088145e-01	6.898380e-02	6.585120e-02	8.621550e-02	4.160570e-02	
3.345810e-02	5.669140e-02	7.888390e-02	6.521420e-02	5.829770e-02	2.936690e-02	5.960920e-02	5.884250e-02	6.000950e-02	5.941650e-02	5.217310e-02	1.082923e-01	6.612530e-02	7.365760e-02	9.145550e-02	4.850630e-02	
2.916460e-02	5.667370e-02	7.326820e-02	5.878410e-02	5.822800e-02	3.376490e-02	6.650420e-02	6.063530e-02	5.893470e-02	6.580130e-02	4.880060e-02	1.085851e-01	5.925120e-02	7.864000e-02	9.128870e-02	5.167540e-02	
3.013280e-02	5.787930e-02	6.626040e-02	5.130600e-02	5.903770e-02	4.285080e-02	6.982990e-02	6.316150e-02	6.040670e-02	6.929640e-02	4.194570e-02	1.082129e-01	5.542760e-02	8.362160e-02	8.715570e-02	5.347500e-02	
3.119120e-02	6.780090e-02	6.771020e-02	3.830250e-02	5.356500e-02	6.559680e-02	7.837810e-02	5.610820e-02	5.232260e-02	7.897840e-02	4.027900e-02	9.361170e-02	4.533320e-02	9.744750e-02	8.839420e-02	4.498050e-02	
4.606470e-02	5.193600e-02	5.241860e-02	3.199270e-02	9.402210e-02	7.331100e-02	7.289160e-02	6.959890e-02	7.391960e-02	6.035570e-02	2.749080e-02	1.129954e-01	5.903660e-02	7.194810e-02	6.641010e-02	3.560810e-02	
7.529710e-02	8.241710e-02	7.466910e-02	4.065970e-02	8.092240e-02	7.023020e-02	5.802810e-02	4.837010e-02	5.579040e-02	5.304860e-02	2.656830e-02	8.380380e-02	6.543990e-02	8.329690e-02	6.661140e-02	3.484690e-02	
8.287980e-02	7.633610e-02	6.887100e-02	4.936290e-02	1.035423e-01	7.010120e-02	5.685890e-02	5.849040e-02	6.271380e-02	4.103930e-02	2.628790e-02	9.583590e-02	6.486510e-02	6.448260e-02	5.116420e-02	2.716860e-02	
7.498170e-02	8.139800e-02	9.231000e-02	6.531130e-02	7.976570e-02	6.104310e-02	5.794980e-02	5.320060e-02	4.930380e-02	3.521180e-02	3.655370e-02	8.211270e-02	6.123490e-02	7.042150e-02	7.024330e-02	2.895810e-02	
5.525960e-02	6.123270e-02	8.527760e-02	6.351620e-02	7.302730e-02	4.544990e-02	5.942080e-02	7.017640e-02	5.818440e-02	4.052390e-02	4.830650e-02	1.100420e-01	5.989340e-02	6.217830e-02	7.928450e-02	2.822650e-02	
4.737510e-02	5.243250e-02	8.239660e-02	6.416050e-02	5.324490e-02	3.237580e-02	5.721040e-02	6.655370e-02	6.157830e-02	4.645440e-02	5.327050e-02	1.109862e-01	7.547430e-02	6.406220e-02	9.436070e-02	3.806390e-02	
3.611430e-02	5.509700e-02	8.044080e-02	6.602050e-02	4.904020e-02	2.693740e-02	5.808460e-02	6.126270e-02	6.460410e-02	5.513250e-02	5.034290e-02	1.171587e-01	6.926020e-02	6.966230e-02	9.624130e-02	4.460050e-02	
3.008140e-02	5.418650e-02	7.332620e-02	6.142470e-02	5.012610e-02	3.101570e-02	6.523530e-02	6.045210e-02	6.348690e-02	5.991630e-02	4.479710e-02	1.169093e-01	6.230980e-02	7.720550e-02	9.704220e-02	5.248490e-02	
3.165760e-02	5.526540e-02	6.546400e-02	5.361720e-02	5.241500e-02	4.098780e-02	6.873750e-02	6.018370e-02	6.483350e-02	6.304970e-02	3.780330e-02	1.147143e-01	5.867700e-02	8.460330e-02	9.150190e-02	5.648880e-02	
3.564900e-02	6.675920e-02	6.627700e-02	3.889790e-02	5.387490e-02	6.579750e-02	7.359410e-02	5.063970e-02	5.766170e-02	7.412590e-02	3.573520e-02	9.598390e-02	5.034530e-02	1.007598e-01	8.805540e-02	4.584350e-02	
5.174740e-02	6.622000e-02	5.148280e-02	2.808070e-02	1.030734e-01	8.826800e-02	6.080540e-02	5.529560e-02	7.158780e-02	6.738720e-02	2.149870e-02	1.031880e-01	5.530570e-02	8.577740e-02	5.940230e-02	3.087960e-02	
8.409030e-02	9.829810e-02	6.857160e-02	3.075430e-02	1.156905e-01	9.576650e-02	5.255450e-02	4.364110e-02	4.850830e-02	5.011330e-02	1.822640e-02	7.634120e-02	5.542750e-02	8.769560e-02	5.144290e-02	2.287790e-02	
9.969050e-02	8.369330e-02	7.009690e-02	5.023590e-02	1.315880e-01	8.188160e-02	5.430190e-02	6.410200e-02	5.004590e-02	3.012790e-02	2.027720e-02	9.034440e-02	5.708130e-02	5.743760e-02	4.094330e-02	1.815230e-02	
1.023071e-01	7.433090e-02	9.417730e-02	6.759040e-02	8.572330e-02	5.289450e-02	5.354470e-02	6.097790e-02	4.976810e-02	2.575020e-02	3.271230e-02	7.738870e-02	7.345980e-02	5.999430e-02	6.705740e-02	2.232310e-02	
8.761200e-02	5.818060e-02	8.224600e-02	8.321970e-02	7.884920e-02	2.635880e-02	4.064930e-02	6.711260e-02	7.829690e-02	2.984290e-02	3.556690e-02	1.037850e-01	8.144710e-02	4.939960e-02	6.663820e-02	3.079520e-02	
5.720600e-02	7.339070e-02	9.798120e-02	9.762730e-02	5.682750e-02	2.097810e-02	4.033910e-02	4.563720e-02	5.866310e-02	4.140890e-02	4.048060e-02	8.454780e-02	7.854990e-02	7.028440e-02	8.372030e-02	5.235790e-02	
3.702830e-02	5.832810e-02	7.856480e-02	7.732530e-02	7.241260e-02	2.495320e-02	5.566320e-02	5.303310e-02	5.983300e-02	5.662080e-02	4.698170e-02	9.908570e-02	6.986490e-02	7.290570e-02	8.208640e-02	5.531320e-02	
3.191620e-02	5.820690e-02	7.746100e-02	7.155470e-02	7.141380e-02	2.851420e-02	6.151670e-02	5.136310e-02	5.326560e-02	6.440130e-02	4.923280e-02	9.639640e-02	6.406500e-02	7.923280e-02	8.377140e-02	5.768810e-02	
2.857920e-02	5.734590e-02	7.308430e-02	6.165120e-02	7.248550e-02	3.563140e-02	6.761320e-02	5.462510e-02	5.231310e-02	7.207950e-02	5.145470e-02	9.613460e-02	5.794300e-02	8.125290e-02	8.295560e-02	5.485080e-02	
2.796500e-02	6.459520e-02	7.008400e-02	4.867660e-02	6.816740e-02	4.983290e-02	7.235320e-02	5.595620e-02	5.031370e-02	8.451730e-02	5.244830e-02	8.782850e-02	4.984000e-02	8.907620e-02	8.045930e-02	4.788620e-02	
2.921320e-02	7.225330e-02	5.753490e-02	3.728470e-02	7.439440e-02	7.763240e-02	6.924040e-02	6.675440e-02	5.570420e-02	8.962560e-02	3.597640e-02	9.403860e-02	4.024000e-02	9.347720e-02	6.655460e-02	4.007570e-02	
4.815370e-02	6.533020e-02	5.642840e-02	2.963950e-02	9.362720e-02	1.005776e-01	7.744620e-02	6.133750e-02	5.740530e-02	6.657970e-02	2.711280e-02	7.820850e-02	5.148490e-02	8.717160e-02	6.494760e-02	3.454930e-02	
7.035470e-02	7.746510e-02	6.469430e-02	3.815700e-02	1.014854e-01	9.178120e-02	6.604410e-02	6.034840e-02	5.870270e-02	5.308040e-02	2.642350e-02	8.772840e-02	5.440370e-02	7.214700e-02	5.182330e-02	2.536080e-02	
9.364430e-02	6.592090e-02	7.395080e-02	5.143050e-02	1.042381e-01	6.629840e-02	6.077700e-02	6.316020e-02	6.065020e-02	3.399450e-02	2.983410e-02	8.450640e-02	7.008860e-02	5.932940e-02	5.713290e-02	2.504370e-02	
7.990640e-02	8.080540e-02	9.225740e-02	7.565200e-02	7.373820e-02	4.495200e-02	4.729000e-02	5.956300e-02	5.461400e-02	3.769830e-02	3.612610e-02	9.325640e-02	6.260810e-02	6.449270e-02	6.634650e-02	3.069350e-02	
5.820840e-02	5.950520e-02	8.752550e-02	6.562760e-02	6.600270e-02	4.063240e-02	5.704860e-02	6.426470e-02	5.480820e-02	4.332960e-02	4.850640e-02	9.537580e-02	7.185530e-02	6.617320e-02	8.473130e-02	3.640510e-02	
4.287480e-02	5.799790e-02	8.591490e-02	6.408700e-02	5.715490e-02	3.171540e-02	5.769470e-02	6.307540e-02	5.884200e-02	5.563070e-02	5.548060e-02	1.078585e-01	6.820440e-02	6.703090e-02	8.880630e-02	3.763160e-02	
3.203100e-02	5.713040e-02	7.798830e-02	5.992640e-02	5.588180e-02	3.119880e-02	6.211990e-02	6.317440e-02	5.952560e-02	6.421740e-02	5.127880e-02	1.128747e-01	6.387570e-02	7.385330e-02	9.260730e-02	4.231620e-02	
2.725070e-02	5.788490e-02	7.120480e-02	5.497370e-02	5.458410e-02	3.822380e-02	6.991850e-02	6.367350e-02	5.958170e-02	6.802330e-02	4.413710e-02	1.122522e-01	5.666730e-02	8.141960e-02	9.331660e-02	4.688820e-02	
2.915450e-02	6.030770e-02	6.225840e-02	4.636320e-02	5.482460e-02	5.420360e-02	7.308530e-02	6.343810e-02	6.305540e-02	7.103330e-02	3.547350e-02	1.090148e-01	5.290450e-02	8.963700e-02	8.630970e-02	4.893640e-02	
3.621850e-02	6.287180e-02	6.710880e-02	3.373990e-02	5.877120e-02	7.779590e-02	8.423650e-02	5.437800e-02	6.085340e-02	6.990540e-02	3.418770e-02	9.218040e-02	4.883930e-02	9.128670e-02	8.794600e-02	3.968050e-02	
4.716100e-02	6.225020e-02	6.431380e-02	3.095740e-02	7.426320e-02	8.041280e-02	8.420440e-02	6.297940e-02	7.485560e-02	6.133200e-02	3.264400e-02	1.046474e-01	5.447850e-02	6.833990e-02	6.938470e-02	2.777570e-02	
8.090510e-02	6.304850e-02	6.669830e-02	4.010640e-02	8.405390e-02	6.467720e-02	6.757330e-02	5.603050e-02	9.201610e-02	3.944820e-02	2.388330e-02	9.519930e-02	8.052670e-02	5.848760e-02	5.704010e-02	3.030550e-02	
1.231192e-01	8.706690e-02	7.072740e-02	5.658830e-02	1.054113e-01	4.506400e-02	3.587970e-02	3.930650e-02	8.519830e-02	3.062680e-02	1.621150e-02	8.315840e-02	8.785050e-02	6.269400e-02	4.246360e-02	2.863360e-02	
1.052293e-01	1.015302e-01	1.124018e-01	8.241800e-02	1.060400e-01	4.331840e-02	3.934840e-02	3.674490e-02	4.918380e-02	2.478680e-02	2.542050e-02	6.589110e-02	6.019780e-02	6.363380e-02	5.716350e-02	2.669170e-02	
5.074620e-02	8.546410e-02	1.100618e-01	7.437880e-02	7.987340e-02	4.773730e-02	5.327910e-02	5.237940e-02	4.883230e-02	4.256550e-02	5.558820e-02	8.734820e-02	4.492910e-02	6.652170e-02	7.475440e-02	2.554050e-02	
3.853730e-02	4.905680e-02	7.184070e-02	6.494620e-02	7.358340e-02	3.426300e-02	6.156310e-02	7.287910e-02	7.199780e-02	4.877960e-02	5.879760e-02	1.141085e-01	6.697180e-02	5.582600e-02	7.749220e-02	3.935690e-02	
3.378540e-02	5.861450e-02	8.294820e-02	7.574220e-02	5.777990e-02	2.312000e-02	5.297830e-02	5.404720e-02	6.122820e-02	5.291190e-02	5.088450e-02	1.046690e-01	7.150480e-02	7.260290e-02	9.316450e-02	5.401850e-02	
2.806490e-02	5.380420e-02	7.346250e-02	6.896670e-02	6.208840e-02	2.567060e-02	6.185840e-02	5.763190e-02	5.970300e-02	6.044640e-02	4.989000e-02	1.099361e-01	6.348050e-02	7.484980e-02	8.979670e-02	6.034990e-02	
2.415630e-02	6.440210e-02	7.238080e-02	5.239760e-02	5.125390e-02	3.931090e-02	7.234880e-02	5.185740e-02	4.759190e-02	8.115230e-02	5.196160e-02	9.430180e-02	4.705360e-02	9.668210e-02	9.558440e-02	5.756450e-02	
3.311820e-02	4.896330e-02	5.091940e-02	3.705480e-02	8.806530e-02	5.752800e-02	6.694710e-02	6.900700e-02	7.126960e-02	7.054300e-02	3.035930e-02	1.201037e-01	5.120460e-02	8.124020e-02	7.320880e-02	5.046770e-02	
5.688320e-02	8.299600e-02	7.077100e-02	3.300750e-02	8.410380e-02	7.251820e-02	5.762550e-02	4.402700e-02	4.746290e-02	6.903910e-02	2.556060e-02	7.937200e-02	5.413310e-02	1.067776e-01	7.586360e-02	3.985890e-02	
6.253090e-02	7.729630e-02	6.684290e-02	3.591290e-02	1.151701e-01	8.902800e-02	6.806360e-02	5.906920e-02	5.139280e-02	5.439660e-02	2.732550e-02	9.670580e-02	4.856910e-02	7.215200e-02	5.224220e-02	2.330210e-02	
7.415100e-02	7.355820e-02	7.601570e-02	5.393800e-02	9.650620e-02	6.900120e-02	6.139960e-02	6.596590e-02	4.868680e-02	3.687410e-02	2.981960e-02	9.909370e-02	6.344810e-02	6.662010e-02	5.913820e-02	2.578360e-02	
6.945480e-02	6.456540e-02	8.546880e-02	6.330310e-02	7.111070e-02	5.058440e-02	6.009530e-02	6.426320e-02	5.354570e-02	3.621750e-02	4.286440e-02	9.374550e-02	7.233130e-02	6.564140e-02	7.748490e-02	2.932360e-02	
6.782440e-02	5.070520e-02	7.706370e-02	7.084920e-02	7.244840e-02	2.848920e-02	4.684870e-02	6.922240e-02	7.432390e-02	3.472990e-02	4.197760e-02	1.148820e-01	8.362730e-02	5.496990e-02	7.846950e-02	3.356870e-02	
5.111260e-02	6.576650e-02	9.668110e-02	8.466380e-02	5.373270e-02	2.222870e-02	4.300140e-02	4.993140e-02	5.903980e-02	4.374730e-02	4.730320e-02	9.426920e-02	7.940440e-02	6.970900e-02	9.379460e-02	4.561430e-02	
3.292500e-02	5.787010e-02	8.035760e-02	7.213680e-02	6.480000e-02	2.399290e-02	5.624720e-02	5.641140e-02	6.248220e-02	5.879010e-02	4.988090e-02	1.096271e-01	6.731270e-02	7.131340e-02	8.772140e-02	4.813120e-02	
2.835160e-02	5.776630e-02	7.497120e-02	6.643080e-02	6.469220e-02	2.786830e-02	6.333590e-02	5.607010e-02	5.716860e-02	6.498700e-02	4.594940e-02	1.061021e-01	6.118560e-02	8.025840e-02	8.974190e-02	5.512060e-02	
2.818600e-02	5.848420e-02	6.936390e-02	5.536390e-02	6.425070e-02	3.866940e-02	6.975530e-02	5.820460e-02	5.616830e-02	7.171210e-02	4.349810e-02	1.026199e-01	5.400120e-02	8.640460e-02	8.791290e-02	5.540490e-02	
3.141350e-02	6.275210e-02	6.529600e-02	4.314460e-02	6.599670e-02	5.666920e-02	7.335760e-02	5.924680e-02	5.731500e-02	7.700920e-02	3.988860e-02	9.631740e-02	4.941280e-02	9.090480e-02	8.262200e-02	4.865370e-02	
4.712980e-02	5.617820e-02	6.267590e-02	3.815410e-02	8.608230e-02	6.366840e-02	7.382610e-02	6.375850e-02	6.784280e-02	6.142820e-02	3.551820e-02	9.637500e-02	5.759390e-02	7.408200e-02	7.332640e-02	4.236020e-02	
5.266950e-02	8.943840e-02	7.305720e-02	4.348370e-02	7.536450e-02	6.540490e-02	5.529060e-02	5.929680e-02	5.502400e-02	6.539200e-02	3.347850e-02	9.145210e-02	5.231920e-02	8.533080e-02	6.639850e-02	3.659930e-02	
5.372540e-02	8.000790e-02	6.505600e-02	3.658790e-02	7.804520e-02	8.425500e-02	6.987120e-02	7.339470e-02	5.566540e-02	5.518130e-02	3.535950e-02	8.201860e-02	5.801530e-02	7.875940e-02	6.247910e-02	3.157810e-02	
5.727540e-02	7.945070e-02	6.632640e-02	4.239880e-02	7.115200e-02	8.088790e-02	7.360430e-02	7.255940e-02	6.171780e-02	4.875340e-02	3.663180e-02	8.566280e-02	5.629320e-02	7.484540e-02	6.219900e-02	3.024170e-02	
6.639600e-02	6.249280e-02	6.488150e-02	5.266810e-02	8.658990e-02	5.989170e-02	6.318820e-02	7.426760e-02	6.737550e-02	3.753230e-02	3.132780e-02	1.025259e-01	6.899770e-02	6.493120e-02	6.533610e-02	3.159770e-02	
7.617370e-02	6.466990e-02	8.392680e-02	6.458870e-02	6.716840e-02	4.338330e-02	5.192200e-02	6.237430e-02	5.853900e-02	3.555830e-02	3.809830e-02	9.253800e-02	7.997100e-02	6.775100e-02	7.919030e-02	3.414700e-02	
6.133530e-02	6.315390e-02	8.691370e-02	7.044920e-02	6.073700e-02	3.408400e-02	5.306040e-02	6.348110e-02	6.365390e-02	4.282250e-02	4.553020e-02	1.011308e-01	7.389510e-02	6.340140e-02	8.065490e-02	3.569660e-02	
4.657180e-02	6.065580e-02	8.267120e-02	6.972250e-02	5.859690e-02	3.001280e-02	5.474400e-02	6.010810e-02	6.449780e-02	5.065030e-02	4.643900e-02	1.045721e-01	7.221160e-02	6.873240e-02	8.701030e-02	4.280340e-02	
3.770010e-02	5.954290e-02	7.724940e-02	6.738570e-02	6.003490e-02	3.128780e-02	5.973090e-02	5.899770e-02	6.363750e-02	5.689880e-02	4.435040e-02	1.059778e-01	6.643710e-02	7.426920e-02	8.757220e-02	4.892760e-02	
3.489420e-02	5.907990e-02	7.222560e-02	6.160990e-02	6.131720e-02	3.723710e-02	6.510980e-02	5.833460e-02	6.208250e-02	6.117360e-02	4.181730e-02	1.038295e-01	6.115910e-02	7.982270e-02	8.663050e-02	5.367650e-02	
3.708910e-02	6.054350e-02	6.829190e-02	5.352850e-02	6.461300e-02	4.718250e-02	6.707090e-02	5.844690e-02	6.151510e-02	6.476480e-02	3.941930e-02	1.000840e-01	5.816690e-02	8.388820e-02	8.221580e-02	5.317960e-02	
4.455960e-02	6.173480e-02	6.901740e-02	4.607230e-02	7.177950e-02	5.759930e-02	6.974360e-02	5.725660e-02	6.095590e-02	6.383860e-02	3.981780e-02	9.238560e-02	5.746270e-02	8.263630e-02	7.912740e-02	4.601260e-02	
4.910520e-02	7.267690e-02	6.711160e-02	4.586400e-02	7.807510e-02	6.583760e-02	6.057040e-02	6.132590e-02	6.018870e-02	6.627760e-02	3.607550e-02	9.516440e-02	5.420700e-02	8.126650e-02	6.734680e-02	3.890680e-02	
5.857940e-02	7.011550e-02	6.877880e-02	4.410230e-02	7.897660e-02	7.438310e-02	6.791750e-02	6.478140e-02	5.734910e-02	5.609740e-02	3.614840e-02	8.150940e-02	6.079410e-02	7.654490e-02	6.737350e-02	3.654860e-02	
6.343960e-02	7.015590e-02	7.007520e-02	5.202850e-02	7.724270e-02	6.549480e-02	6.450980e-02	6.989360e-02	6.298760e-02	4.952480e-02	3.663010e-02	9.107570e-02	6.302840e-02	6.811090e-02	6.217150e-02	3.363090e-02	
6.195960e-02	7.022330e-02	7.822350e-02	5.629190e-02	6.622700e-02	5.801500e-02	6.541100e-02	6.363340e-02	6.024310e-02	4.749550e-02	4.217380e-02	8.347420e-02	6.528580e-02	7.155250e-02	7.436200e-02	3.542840e-02	
5.115880e-02	6.734960e-02	7.694090e-02	5.826620e-02	6.620530e-02	5.145880e-02	6.478910e-02	6.483310e-02	6.196490e-02	5.374020e-02	4.268460e-02	1.017806e-01	5.723520e-02	7.072890e-02	7.430610e-02	3.655770e-02	
4.577780e-02	6.115730e-02	7.896150e-02	5.066760e-02	6.493890e-02	5.023560e-02	6.939050e-02	5.871250e-02	5.884890e-02	5.552950e-02	4.391950e-02	1.004228e-01	6.104280e-02	7.559750e-02	8.624820e-02	3.854910e-02	
6.230700e-02	4.646800e-02	5.393840e-02	6.789500e-02	8.494910e-02	3.662850e-02	4.555090e-02	7.539140e-02	7.753130e-02	4.113610e-02	2.918660e-02	1.306657e-01	8.200830e-02	5.706430e-02	5.823840e-02	5.104100e-02	
