1.816298e-01	3.067078e-01	3.254289e-01	1.862335e-01	
2.439686e-01	2.288363e-01	2.462325e-01	2.809626e-01	
2.234914e-01	2.554291e-01	2.691876e-01	2.518919e-01	
2.727989e-01	2.277167e-01	2.316087e-01	2.678757e-01	
2.517999e-01	2.685575e-01	2.494534e-01	2.301892e-01	
2.786486e-01	2.540598e-01	2.241324e-01	2.431592e-01	
2.572167e-01	2.694404e-01	2.487057e-01	2.246372e-01	
2.911237e-01	2.122430e-01	2.329078e-01	2.637255e-01	
2.536704e-01	2.239815e-01	2.679698e-01	2.543783e-01	
2.376086e-01	2.200004e-01	2.769188e-01	2.654722e-01	
2.221519e-01	2.284917e-01	2.812220e-01	2.681344e-01	
2.105539e-01	2.420305e-01	2.766825e-01	2.707331e-01	
2.037149e-01	2.599518e-01	2.708623e-01	2.654710e-01	
2.126197e-01	2.814985e-01	2.516732e-01	2.542086e-01	
2.124429e-01	3.035722e-01	2.628143e-01	2.211706e-01	
3.018443e-01	2.285480e-01	2.299930e-01	2.396147e-01	
2.995229e-01	2.438505e-01	2.216755e-01	2.349511e-01	
2.718763e-01	2.672576e-01	2.365687e-01	2.242974e-01	
2.842029e-01	2.323240e-01	2.335660e-01	2.499071e-01	
2.843879e-01	2.067271e-01	2.501432e-01	2.587418e-01	
2.549255e-01	2.034825e-01	2.711457e-01	2.704463e-01	
2.310021e-01	2.118137e-01	2.836810e-01	2.735032e-01	
2.124492e-01	2.281267e-01	2.856020e-01	2.738221e-01	
2.032462e-01	2.421394e-01	2.728465e-01	2.817679e-01	
1.587621e-01	3.105573e-01	2.935901e-01	2.370905e-01	
2.262991e-01	2.551895e-01	2.470189e-01	2.714925e-01	
2.457830e-01	2.836857e-01	2.455629e-01	2.249684e-01	
2.930643e-01	2.770096e-01	2.149829e-01	2.149432e-01	
3.320438e-01	2.419225e-01	1.954405e-01	2.305932e-01	
2.520248e-01	2.495347e-01	2.787651e-01	2.196754e-01	
2.899202e-01	1.642137e-01	2.505609e-01	2.953052e-01	
2.153310e-01	2.143110e-01	2.964021e-01	2.739559e-01	
2.080624e-01	2.244055e-01	2.880238e-01	2.795083e-01	
1.932516e-01	2.457305e-01	2.870761e-01	2.739418e-01	
2.107820e-01	2.604806e-01	2.524779e-01	2.762595e-01	
2.718660e-01	2.792269e-01	2.028304e-01	2.460767e-01	
2.182466e-01	4.061168e-01	2.136219e-01	1.620147e-01	
2.251295e-01	3.366692e-01	2.200415e-01	2.181598e-01	
2.488583e-01	2.724630e-01	2.305984e-01	2.480803e-01	
3.236985e-01	1.856934e-01	2.134217e-01	2.771864e-01	
2.754805e-01	2.019040e-01	2.689529e-01	2.536626e-01	
2.461578e-01	1.984985e-01	2.767986e-01	2.785451e-01	
2.279242e-01	2.114186e-01	2.768751e-01	2.837821e-01	
2.131568e-01	2.272330e-01	2.729531e-01	2.866571e-01	
2.137275e-01	2.482201e-01	2.560852e-01	2.819672e-01	
1.899542e-01	3.132667e-01	2.713237e-01	2.254554e-01	
2.708201e-01	2.770873e-01	2.153201e-01	2.367725e-01	
2.923800e-01	2.861236e-01	2.165133e-01	2.049831e-01	
3.204718e-01	2.485793e-01	1.996491e-01	2.312998e-01	
2.833920e-01	2.392600e-01	2.585779e-01	2.187701e-01	
3.303139e-01	1.620244e-01	2.194419e-01	2.882198e-01	
2.403017e-01	2.158136e-01	2.708051e-01	2.730796e-01	
2.313078e-01	2.214692e-01	2.760756e-01	2.711474e-01	
2.125926e-01	2.403388e-01	2.851310e-01	2.619376e-01	
2.095629e-01	2.477272e-01	2.784575e-01	2.642524e-01	
1.418828e-01	3.548616e-01	2.924963e-01	2.107593e-01	
2.361078e-01	2.823336e-01	2.219612e-01	2.595974e-01	
2.527197e-01	3.391774e-01	2.252767e-01	1.828262e-01	
3.318856e-01	3.021050e-01	1.729678e-01	1.930416e-01	
2.961374e-01	2.924667e-01	2.192101e-01	1.921858e-01	
3.164950e-01	1.908729e-01	2.271762e-01	2.654559e-01	
2.443905e-01	2.083056e-01	2.853711e-01	2.619328e-01	
2.234903e-01	2.060763e-01	2.895423e-01	2.808911e-01	
2.076860e-01	2.188851e-01	2.896320e-01	2.837969e-01	
1.999066e-01	2.355989e-01	2.728465e-01	2.916480e-01	
1.797509e-01	2.773056e-01	2.873930e-01	2.555505e-01	
2.835401e-01	2.282186e-01	2.183191e-01	2.699222e-01	
2.485331e-01	3.167224e-01	2.357012e-01	1.990433e-01	
2.899394e-01	2.754088e-01	2.051720e-01	2.294798e-01	
2.307277e-01	2.989900e-01	2.578249e-01	2.124574e-01	
3.295781e-01	1.651627e-01	2.243486e-01	2.809106e-01	
2.511147e-01	2.071103e-01	2.791188e-01	2.626562e-01	
2.342476e-01	2.061163e-01	2.798914e-01	2.797447e-01	
2.178906e-01	2.191324e-01	2.821217e-01	2.808553e-01	
2.055785e-01	2.348799e-01	2.798617e-01	2.796799e-01	
2.050048e-01	2.536481e-01	2.651917e-01	2.761554e-01	
1.824120e-01	3.098236e-01	2.747615e-01	2.330029e-01	
2.730430e-01	2.575508e-01	2.192111e-01	2.501951e-01	
2.774498e-01	2.889928e-01	2.258769e-01	2.076805e-01	
3.140010e-01	2.519592e-01	2.031820e-01	2.308578e-01	
2.652861e-01	2.480744e-01	2.570568e-01	2.295827e-01	
2.463647e-01	2.093848e-01	2.722894e-01	2.719611e-01	
2.376726e-01	1.953249e-01	2.872382e-01	2.797643e-01	
2.190188e-01	2.068292e-01	2.851096e-01	2.890424e-01	
2.060042e-01	2.223240e-01	2.804008e-01	2.912710e-01	
2.075831e-01	2.439062e-01	2.635067e-01	2.850040e-01	
1.975309e-01	3.074424e-01	2.636617e-01	2.313650e-01	
2.817143e-01	3.076526e-01	1.931892e-01	2.174439e-01	
3.037166e-01	3.318735e-01	1.907954e-01	1.736145e-01	
3.384057e-01	2.531404e-01	1.856193e-01	2.228346e-01	
3.112583e-01	2.129699e-01	2.474917e-01	2.282801e-01	
3.262052e-01	1.637819e-01	2.251004e-01	2.849125e-01	
2.512465e-01	2.060621e-01	2.625212e-01	2.801702e-01	
2.391388e-01	2.128078e-01	2.632961e-01	2.847573e-01	
2.206606e-01	2.303552e-01	2.719819e-01	2.770023e-01	
2.113208e-01	2.463097e-01	2.751078e-01	2.672617e-01	
1.962861e-01	2.880216e-01	2.753448e-01	2.403475e-01	
1.995518e-01	3.329885e-01	2.293063e-01	2.381534e-01	
2.506711e-01	3.196591e-01	2.259350e-01	2.037348e-01	
2.849465e-01	2.944737e-01	2.089852e-01	2.115946e-01	
3.286212e-01	2.255432e-01	2.216948e-01	2.241408e-01	
2.708667e-01	2.279484e-01	2.420200e-01	2.591649e-01	
2.508746e-01	2.096404e-01	2.778118e-01	2.616732e-01	
2.270761e-01	2.123749e-01	2.878965e-01	2.726525e-01	
2.113141e-01	2.263999e-01	2.839943e-01	2.782917e-01	
1.980838e-01	2.455516e-01	2.785770e-01	2.777876e-01	
1.999390e-01	2.751816e-01	2.571269e-01	2.677525e-01	
2.046824e-01	3.018598e-01	2.734790e-01	2.199788e-01	
2.507583e-01	2.723349e-01	2.505469e-01	2.263599e-01	
3.375018e-01	2.256615e-01	2.151950e-01	2.216417e-01	
4.015793e-01	2.254517e-01	1.652822e-01	2.076868e-01	
3.206509e-01	2.332692e-01	2.343342e-01	2.117457e-01	
2.243810e-01	2.422886e-01	2.936835e-01	2.396469e-01	
2.510903e-01	1.879254e-01	2.696936e-01	2.912907e-01	
2.242983e-01	2.072493e-01	2.799755e-01	2.884769e-01	
2.133368e-01	2.147710e-01	2.750076e-01	2.968846e-01	
1.700557e-01	2.815474e-01	2.922756e-01	2.561213e-01	
2.436577e-01	2.582745e-01	2.214346e-01	2.766332e-01	
2.425830e-01	3.313309e-01	2.298207e-01	1.962654e-01	
2.776629e-01	2.928729e-01	2.144742e-01	2.149900e-01	
2.827921e-01	2.460536e-01	2.263731e-01	2.447812e-01	
2.664425e-01	2.170087e-01	2.659134e-01	2.506354e-01	
2.982240e-01	1.688942e-01	2.443595e-01	2.885223e-01	
2.432895e-01	2.014515e-01	2.807803e-01	2.744787e-01	
2.275199e-01	2.119665e-01	2.742071e-01	2.863065e-01	
2.113980e-01	2.308800e-01	2.739984e-01	2.837236e-01	
2.026062e-01	2.552703e-01	2.705302e-01	2.715933e-01	
2.041380e-01	2.873353e-01	2.611642e-01	2.473625e-01	
2.586488e-01	2.553568e-01	2.453466e-01	2.406478e-01	
2.353772e-01	3.055661e-01	2.282248e-01	2.308319e-01	
2.454513e-01	2.982036e-01	2.327658e-01	2.235793e-01	
2.464384e-01	2.839374e-01	2.387615e-01	2.308627e-01	
2.893591e-01	2.248480e-01	2.247336e-01	2.610593e-01	
2.818521e-01	2.113625e-01	2.531374e-01	2.536480e-01	
2.596213e-01	2.034618e-01	2.661592e-01	2.707577e-01	
2.418781e-01	2.100513e-01	2.708645e-01	2.772061e-01	
2.278096e-01	2.219987e-01	2.689029e-01	2.812888e-01	
2.194530e-01	2.373133e-01	2.657832e-01	2.774505e-01	
2.213841e-01	2.563790e-01	2.569979e-01	2.652390e-01	
2.347577e-01	2.658090e-01	2.577062e-01	2.417271e-01	
2.415760e-01	2.860586e-01	2.311043e-01	2.412611e-01	
2.556992e-01	2.771409e-01	2.402182e-01	2.269417e-01	
2.666983e-01	2.532864e-01	2.333866e-01	2.466287e-01	
2.537155e-01	2.472863e-01	2.601703e-01	2.388279e-01	
2.365642e-01	2.432775e-01	2.587207e-01	2.614376e-01	
2.306084e-01	2.425199e-01	2.785197e-01	2.483520e-01	
3.067957e-01	1.812969e-01	1.869143e-01	3.249931e-01	
