1.116268e-01	3.010462e-01	3.609490e-01	2.263780e-01	
1.467101e-01	1.427880e-01	3.400367e-01	3.704652e-01	
1.476492e-01	1.621148e-01	3.401097e-01	3.501263e-01	
1.995863e-01	1.593537e-01	2.733877e-01	3.676723e-01	
1.889053e-01	2.047980e-01	2.917517e-01	3.145450e-01	
2.210352e-01	1.915405e-01	2.883896e-01	2.990347e-01	
1.820684e-01	2.053440e-01	3.471773e-01	2.654103e-01	
1.807592e-01	1.471963e-01	3.483581e-01	3.236864e-01	
1.439562e-01	1.412582e-01	3.782329e-01	3.365527e-01	
1.318055e-01	1.328827e-01	3.820365e-01	3.532753e-01	
1.274876e-01	1.346144e-01	3.726382e-01	3.652598e-01	
1.254508e-01	1.408964e-01	3.627418e-01	3.709110e-01	
1.276296e-01	1.478121e-01	3.455795e-01	3.789788e-01	
1.438958e-01	1.623424e-01	3.131101e-01	3.806517e-01	
1.541907e-01	2.048067e-01	3.064339e-01	3.345687e-01	
2.464784e-01	1.746131e-01	2.417318e-01	3.371767e-01	
2.446186e-01	1.953844e-01	2.631606e-01	2.968364e-01	
1.988607e-01	2.170167e-01	3.358081e-01	2.483145e-01	
1.819962e-01	1.640249e-01	3.688241e-01	2.851548e-01	
1.582719e-01	1.264096e-01	3.954981e-01	3.198204e-01	
1.317272e-01	1.146200e-01	4.078595e-01	3.457933e-01	
1.165170e-01	1.134504e-01	4.006861e-01	3.693465e-01	
1.093071e-01	1.206336e-01	3.887550e-01	3.813043e-01	
1.065960e-01	1.330542e-01	3.720943e-01	3.882555e-01	
9.762050e-02	1.568147e-01	3.480995e-01	3.974653e-01	
1.545232e-01	1.335432e-01	2.620798e-01	4.498538e-01	
1.699209e-01	2.028463e-01	2.650219e-01	3.622109e-01	
2.413111e-01	2.134540e-01	2.527966e-01	2.924383e-01	
2.547506e-01	1.827471e-01	3.088574e-01	2.536449e-01	
1.387923e-01	1.694806e-01	4.828188e-01	2.089083e-01	
1.410731e-01	9.868480e-02	4.459434e-01	3.142987e-01	
1.173674e-01	1.080653e-01	3.984956e-01	3.760717e-01	
1.079050e-01	1.179432e-01	3.758751e-01	3.982767e-01	
9.921000e-02	1.367894e-01	3.541161e-01	4.098845e-01	
1.211551e-01	1.289829e-01	2.586393e-01	4.912227e-01	
1.789811e-01	1.778670e-01	2.072464e-01	4.359055e-01	
1.462477e-01	3.242356e-01	2.951633e-01	2.343534e-01	
1.624929e-01	2.579175e-01	3.282039e-01	2.513857e-01	
1.816533e-01	2.009868e-01	3.477693e-01	2.695906e-01	
2.125217e-01	1.237138e-01	3.411175e-01	3.226470e-01	
1.507933e-01	1.340639e-01	3.927817e-01	3.223611e-01	
1.383882e-01	1.222221e-01	3.815347e-01	3.578550e-01	
1.329275e-01	1.231088e-01	3.738519e-01	3.701118e-01	
1.275372e-01	1.251343e-01	3.665680e-01	3.807605e-01	
1.330440e-01	1.335707e-01	3.445222e-01	3.888631e-01	
1.386006e-01	1.834008e-01	3.192532e-01	3.587454e-01	
2.274300e-01	1.947337e-01	2.289867e-01	3.488496e-01	
2.482517e-01	2.401422e-01	2.493483e-01	2.622578e-01	
2.603152e-01	1.945647e-01	2.864779e-01	2.586422e-01	
1.710785e-01	1.861755e-01	4.046462e-01	2.380998e-01	
1.784333e-01	1.059196e-01	3.701308e-01	3.455163e-01	
1.306155e-01	1.145860e-01	3.795626e-01	3.752359e-01	
1.178866e-01	1.167410e-01	3.856254e-01	3.797470e-01	
1.103044e-01	1.247137e-01	3.870605e-01	3.779214e-01	
1.085101e-01	1.393236e-01	3.752457e-01	3.769206e-01	
9.284690e-02	1.883379e-01	3.489644e-01	3.698508e-01	
1.875483e-01	1.570479e-01	2.315613e-01	4.238425e-01	
2.061623e-01	2.793057e-01	2.317379e-01	2.827941e-01	
3.085826e-01	2.761520e-01	1.963233e-01	2.189421e-01	
2.271612e-01	2.732348e-01	3.255208e-01	1.740832e-01	
1.838973e-01	1.469940e-01	3.844290e-01	2.846797e-01	
1.355551e-01	1.274737e-01	4.083514e-01	3.286198e-01	
1.257839e-01	1.221852e-01	3.959748e-01	3.560561e-01	
1.215479e-01	1.278389e-01	3.747560e-01	3.758572e-01	
1.180770e-01	1.361494e-01	3.539672e-01	3.918064e-01	
1.189854e-01	1.419771e-01	3.146519e-01	4.243856e-01	
2.029925e-01	1.399658e-01	2.214631e-01	4.355786e-01	
1.898810e-01	2.545912e-01	2.692178e-01	2.863100e-01	
2.387540e-01	2.188311e-01	2.756487e-01	2.667662e-01	
1.558454e-01	2.328807e-01	3.901587e-01	2.211152e-01	
1.870589e-01	1.156316e-01	3.826543e-01	3.146552e-01	
1.428629e-01	1.213928e-01	4.034735e-01	3.322708e-01	
1.296004e-01	1.163940e-01	3.933402e-01	3.606654e-01	
1.207548e-01	1.210921e-01	3.788811e-01	3.792720e-01	
1.163393e-01	1.304584e-01	3.596575e-01	3.935448e-01	
1.202961e-01	1.443292e-01	3.325733e-01	4.028014e-01	
1.251952e-01	1.766896e-01	3.066926e-01	3.914226e-01	
2.156009e-01	1.700172e-01	2.294128e-01	3.849691e-01	
2.216405e-01	2.394703e-01	2.627746e-01	2.761146e-01	
2.554429e-01	1.923673e-01	2.883509e-01	2.638389e-01	
1.575562e-01	1.816821e-01	4.279361e-01	2.328256e-01	
1.300511e-01	1.345331e-01	4.352158e-01	3.002000e-01	
1.362221e-01	1.162138e-01	3.920527e-01	3.555114e-01	
1.280202e-01	1.207768e-01	3.763437e-01	3.748593e-01	
1.221713e-01	1.250780e-01	3.568874e-01	3.958633e-01	
1.263749e-01	1.343541e-01	3.300919e-01	4.091791e-01	
1.505848e-01	1.785922e-01	2.810289e-01	3.897941e-01	
2.665847e-01	2.334447e-01	1.752804e-01	3.246902e-01	
2.775692e-01	3.098162e-01	2.171267e-01	1.954879e-01	
2.788233e-01	2.070552e-01	2.842872e-01	2.298343e-01	
1.697010e-01	1.700827e-01	4.195149e-01	2.407014e-01	
1.763048e-01	1.037514e-01	3.805117e-01	3.394321e-01	
1.387203e-01	1.063451e-01	3.799453e-01	3.749893e-01	
1.230823e-01	1.091627e-01	3.806774e-01	3.870776e-01	
1.150023e-01	1.168517e-01	3.806247e-01	3.875213e-01	
1.120810e-01	1.304509e-01	3.752443e-01	3.822238e-01	
1.200508e-01	1.672333e-01	3.313289e-01	3.813870e-01	
1.599238e-01	1.951847e-01	2.509166e-01	3.939749e-01	
1.963616e-01	2.627667e-01	2.555304e-01	2.853413e-01	
2.398164e-01	2.481625e-01	2.610069e-01	2.510142e-01	
2.084794e-01	1.933870e-01	3.628136e-01	2.353200e-01	
1.651348e-01	1.489949e-01	3.854006e-01	3.004697e-01	
1.339406e-01	1.292013e-01	3.913630e-01	3.454951e-01	
1.247149e-01	1.255226e-01	3.826923e-01	3.670702e-01	
1.222173e-01	1.303231e-01	3.715714e-01	3.758882e-01	
1.211713e-01	1.361283e-01	3.593020e-01	3.833984e-01	
1.319015e-01	1.484715e-01	3.262338e-01	3.933932e-01	
1.358023e-01	1.962021e-01	3.149792e-01	3.530164e-01	
1.840767e-01	1.965912e-01	2.777294e-01	3.416027e-01	
2.654511e-01	1.609499e-01	2.480104e-01	3.255886e-01	
3.282903e-01	1.484916e-01	2.371741e-01	2.860440e-01	
1.940242e-01	1.585929e-01	4.323647e-01	2.150182e-01	
1.194991e-01	1.337733e-01	4.977949e-01	2.489327e-01	
1.373026e-01	9.794820e-02	4.115808e-01	3.531684e-01	
1.180235e-01	1.072860e-01	3.998443e-01	3.748462e-01	
1.073982e-01	1.165074e-01	3.773316e-01	3.987628e-01	
1.011719e-01	1.375684e-01	3.127585e-01	4.485012e-01	
1.668085e-01	1.405032e-01	2.093386e-01	4.833497e-01	
1.833581e-01	2.554579e-01	2.527915e-01	3.083925e-01	
2.137262e-01	2.425248e-01	2.919086e-01	2.518404e-01	
2.030795e-01	1.703982e-01	3.618964e-01	2.646259e-01	
1.381831e-01	1.499655e-01	4.464175e-01	2.654339e-01	
1.502714e-01	1.035446e-01	4.027823e-01	3.434017e-01	
1.313199e-01	1.048927e-01	3.902415e-01	3.735459e-01	
1.188336e-01	1.080363e-01	3.828700e-01	3.902601e-01	
1.120770e-01	1.157396e-01	3.694050e-01	4.027784e-01	
1.133362e-01	1.317346e-01	3.453871e-01	4.095421e-01	
1.264210e-01	1.588797e-01	3.129210e-01	4.017783e-01	
1.637492e-01	1.630350e-01	3.077173e-01	3.654985e-01	
1.903255e-01	2.002324e-01	2.763025e-01	3.331396e-01	
2.006584e-01	2.430733e-01	2.878617e-01	2.684066e-01	
1.912922e-01	2.322795e-01	3.316044e-01	2.448239e-01	
1.993181e-01	1.596432e-01	3.385867e-01	3.024520e-01	
1.621389e-01	1.424984e-01	3.806120e-01	3.147507e-01	
1.473340e-01	1.269413e-01	3.801807e-01	3.455440e-01	
1.400226e-01	1.252084e-01	3.715616e-01	3.632074e-01	
1.338696e-01	1.270048e-01	3.657034e-01	3.734222e-01	
1.321645e-01	1.317234e-01	3.534445e-01	3.826676e-01	
1.401587e-01	1.438904e-01	3.373040e-01	3.786469e-01	
1.556904e-01	1.687441e-01	3.201032e-01	3.554623e-01	
1.858778e-01	1.938092e-01	2.762697e-01	3.440433e-01	
1.934261e-01	2.199877e-01	2.949834e-01	2.916028e-01	
2.041338e-01	1.911957e-01	3.154813e-01	2.891892e-01	
1.718629e-01	1.859882e-01	3.629978e-01	2.791511e-01	
1.536544e-01	1.554861e-01	3.525876e-01	3.382719e-01	
1.426559e-01	1.461825e-01	3.691696e-01	3.419920e-01	
3.010248e-01	1.117967e-01	2.263621e-01	3.608164e-01	
