1.779750e-02	2.501250e-02	4.375200e-02	2.544870e-02	3.917840e-02	4.722650e-02	9.042490e-02	1.237375e-01	6.166940e-02	3.357580e-02	1.210515e-01	1.444693e-01	2.848590e-02	3.672060e-02	8.474300e-02	7.670650e-02	
2.262000e-02	3.521130e-02	5.718900e-02	3.211090e-02	1.821000e-02	2.429030e-02	4.304080e-02	5.699430e-02	5.723960e-02	3.443030e-02	1.151821e-01	1.331194e-01	4.535810e-02	6.473170e-02	1.385461e-01	1.217261e-01	
3.104870e-02	3.291400e-02	4.825290e-02	3.121210e-02	2.518270e-02	2.806290e-02	4.084160e-02	6.457640e-02	8.392080e-02	3.577800e-02	8.504500e-02	1.492142e-01	5.525260e-02	5.871380e-02	1.119291e-01	1.180552e-01	
4.013130e-02	5.394470e-02	6.657660e-02	3.475220e-02	2.388280e-02	3.416310e-02	4.443300e-02	5.298980e-02	6.664410e-02	3.764060e-02	7.084830e-02	1.109356e-01	5.215780e-02	7.764800e-02	1.207299e-01	1.125222e-01	
4.339640e-02	4.905180e-02	5.953330e-02	3.083450e-02	3.834910e-02	4.257510e-02	5.256570e-02	6.990650e-02	7.771690e-02	3.212370e-02	7.409340e-02	1.186538e-01	5.449990e-02	6.510430e-02	1.067292e-01	8.486640e-02	
4.353560e-02	5.625590e-02	7.780590e-02	3.636490e-02	3.079110e-02	4.315330e-02	5.291070e-02	6.199980e-02	5.889050e-02	3.132110e-02	9.468300e-02	1.080270e-01	4.985710e-02	6.681180e-02	1.141322e-01	7.346010e-02	
4.173680e-02	3.556500e-02	6.427890e-02	4.149360e-02	3.233050e-02	3.159060e-02	5.153770e-02	8.208330e-02	6.646370e-02	2.578150e-02	1.025296e-01	1.447570e-01	4.774530e-02	4.657710e-02	1.014416e-01	8.408780e-02	
3.194340e-02	3.605940e-02	7.111430e-02	4.915920e-02	1.990330e-02	2.025260e-02	3.993170e-02	5.942660e-02	5.206960e-02	2.871010e-02	1.120668e-01	1.269413e-01	4.743370e-02	5.725410e-02	1.270964e-01	1.206375e-01	
2.191650e-02	3.115450e-02	5.774630e-02	4.053270e-02	1.912350e-02	1.923750e-02	4.140870e-02	6.250650e-02	5.519810e-02	3.260540e-02	1.241321e-01	1.382736e-01	4.624670e-02	5.573600e-02	1.307905e-01	1.233914e-01	
1.889400e-02	3.284390e-02	5.505800e-02	3.568890e-02	1.853020e-02	1.921920e-02	4.280170e-02	5.818230e-02	5.505410e-02	3.525460e-02	1.255063e-01	1.382626e-01	4.620740e-02	5.847480e-02	1.339362e-01	1.260858e-01	
1.758390e-02	3.449600e-02	5.547280e-02	3.113300e-02	1.794010e-02	2.133380e-02	4.858290e-02	5.793570e-02	5.380040e-02	3.880810e-02	1.273630e-01	1.373307e-01	4.357460e-02	6.006590e-02	1.342197e-01	1.203594e-01	
1.674570e-02	3.285530e-02	5.460410e-02	2.869390e-02	1.656660e-02	2.417070e-02	5.389800e-02	6.006850e-02	5.550880e-02	4.309330e-02	1.252710e-01	1.417653e-01	3.923480e-02	5.964170e-02	1.320905e-01	1.157918e-01	
1.808950e-02	3.197490e-02	5.059090e-02	2.740060e-02	1.657810e-02	2.951000e-02	5.305540e-02	6.061750e-02	6.397700e-02	4.672180e-02	1.086000e-01	1.465648e-01	3.865690e-02	6.274610e-02	1.276835e-01	1.172330e-01	
2.114830e-02	3.921040e-02	5.346810e-02	2.347470e-02	1.885000e-02	4.430520e-02	5.367400e-02	5.412360e-02	6.326580e-02	4.862740e-02	9.586410e-02	1.321725e-01	3.871760e-02	7.671020e-02	1.302598e-01	1.061283e-01	
4.043430e-02	3.702390e-02	4.167520e-02	2.284830e-02	4.083620e-02	4.495910e-02	4.790420e-02	7.515370e-02	9.779590e-02	2.905850e-02	5.837120e-02	1.480404e-01	5.768090e-02	5.551380e-02	9.968750e-02	1.030169e-01	
6.364760e-02	6.847590e-02	6.492550e-02	3.969830e-02	3.962000e-02	3.137840e-02	3.818750e-02	5.736940e-02	7.272720e-02	2.346060e-02	5.170300e-02	9.974730e-02	5.967780e-02	6.631990e-02	1.089726e-01	1.140890e-01	
4.967120e-02	7.163340e-02	7.795220e-02	3.641580e-02	3.766130e-02	4.314260e-02	5.087960e-02	5.795130e-02	6.192750e-02	2.644400e-02	8.148260e-02	9.393450e-02	5.270660e-02	6.813290e-02	1.165782e-01	7.348630e-02	
4.739030e-02	4.456170e-02	7.344410e-02	3.657050e-02	3.490050e-02	3.707850e-02	5.988210e-02	7.749180e-02	6.363060e-02	2.368110e-02	1.069123e-01	1.326686e-01	4.704140e-02	4.649280e-02	1.011487e-01	6.710500e-02	
3.893230e-02	3.207930e-02	7.435940e-02	4.759180e-02	2.138580e-02	2.004900e-02	4.521820e-02	6.516110e-02	5.743810e-02	2.388720e-02	1.159054e-01	1.441565e-01	5.029390e-02	4.659160e-02	1.214802e-01	9.547020e-02	
2.476950e-02	2.915380e-02	6.467820e-02	4.944860e-02	1.608300e-02	1.428520e-02	3.651940e-02	5.571950e-02	5.708150e-02	2.676210e-02	1.257836e-01	1.473360e-01	4.848160e-02	4.863220e-02	1.340582e-01	1.212076e-01	
1.740970e-02	3.039350e-02	5.668840e-02	4.192400e-02	1.738010e-02	1.389630e-02	3.557630e-02	5.198060e-02	5.578080e-02	2.984830e-02	1.304544e-01	1.449559e-01	4.450520e-02	5.179360e-02	1.396843e-01	1.377286e-01	
1.448180e-02	3.401800e-02	5.387120e-02	3.270480e-02	1.972400e-02	1.535690e-02	3.911190e-02	5.173890e-02	5.112530e-02	3.359100e-02	1.374535e-01	1.402336e-01	4.124030e-02	5.519760e-02	1.446788e-01	1.354724e-01	
1.330730e-02	3.388850e-02	5.274900e-02	2.662660e-02	1.846750e-02	1.810530e-02	4.660650e-02	5.498420e-02	4.672560e-02	3.991500e-02	1.474269e-01	1.410479e-01	3.772880e-02	5.667980e-02	1.427532e-01	1.229879e-01	
1.107610e-02	3.108720e-02	5.012340e-02	2.394250e-02	1.213730e-02	2.554830e-02	5.468180e-02	5.622120e-02	4.113130e-02	5.681790e-02	1.462167e-01	1.453697e-01	2.871380e-02	6.462680e-02	1.394286e-01	1.128774e-01	
1.484640e-02	2.184070e-02	3.544120e-02	2.093020e-02	1.833960e-02	3.106820e-02	5.506370e-02	7.360870e-02	7.497620e-02	4.493660e-02	8.189570e-02	1.886420e-01	3.721180e-02	5.428700e-02	1.170356e-01	1.298764e-01	
2.768430e-02	4.453880e-02	4.710900e-02	2.604190e-02	1.985190e-02	3.760070e-02	4.608180e-02	4.859810e-02	5.858690e-02	3.954540e-02	5.542880e-02	1.358751e-01	4.851440e-02	8.287050e-02	1.308519e-01	1.508205e-01	
4.286600e-02	4.931460e-02	4.303380e-02	1.942310e-02	4.302680e-02	5.460610e-02	5.398530e-02	5.293720e-02	7.079080e-02	2.767730e-02	5.102570e-02	1.299777e-01	6.450700e-02	7.436740e-02	1.185453e-01	1.039159e-01	
7.318500e-02	5.310760e-02	6.830670e-02	2.659130e-02	5.075080e-02	4.336880e-02	5.822260e-02	5.362320e-02	5.977360e-02	1.700600e-02	6.731490e-02	1.224956e-01	6.964980e-02	5.183470e-02	1.150690e-01	6.970040e-02	
4.974790e-02	5.450040e-02	1.123005e-01	3.681040e-02	2.301850e-02	3.291470e-02	6.365270e-02	4.573120e-02	3.895440e-02	2.163280e-02	1.385309e-01	1.097951e-01	4.395140e-02	4.955430e-02	1.295266e-01	4.937820e-02	
2.846840e-02	2.226500e-02	6.319150e-02	4.174730e-02	2.247770e-02	1.636000e-02	4.775690e-02	7.200760e-02	6.839190e-02	2.471370e-02	1.632595e-01	1.876456e-01	3.918040e-02	3.068660e-02	1.072354e-01	6.461250e-02	
1.813410e-02	3.088560e-02	6.225120e-02	4.724750e-02	1.420770e-02	1.085880e-02	2.950540e-02	3.945340e-02	5.813980e-02	3.224520e-02	1.391810e-01	1.518773e-01	3.854630e-02	4.891130e-02	1.370539e-01	1.415015e-01	
1.325880e-02	3.094600e-02	5.189860e-02	3.292450e-02	1.991860e-02	1.390560e-02	3.744990e-02	5.162680e-02	5.189820e-02	3.415340e-02	1.369842e-01	1.449557e-01	3.669970e-02	5.499990e-02	1.437796e-01	1.446005e-01	
1.185590e-02	3.156270e-02	5.018920e-02	2.816750e-02	1.695350e-02	1.700410e-02	4.248200e-02	5.756530e-02	4.380440e-02	4.132110e-02	1.372430e-01	1.477438e-01	3.491280e-02	6.118780e-02	1.430327e-01	1.349742e-01	
1.281690e-02	2.458740e-02	4.040290e-02	2.971940e-02	1.482130e-02	2.177380e-02	4.443190e-02	7.004870e-02	4.744020e-02	4.384310e-02	1.048558e-01	1.768078e-01	3.747310e-02	6.171610e-02	1.217102e-01	1.475514e-01	
2.126990e-02	3.218890e-02	3.566440e-02	2.342830e-02	2.044970e-02	3.540070e-02	3.882730e-02	5.724270e-02	6.625530e-02	4.230720e-02	5.447810e-02	1.483602e-01	6.048530e-02	9.149060e-02	1.122718e-01	1.598796e-01	
2.725410e-02	6.327640e-02	6.431870e-02	1.361100e-02	2.314310e-02	7.460530e-02	5.950430e-02	4.413470e-02	3.498810e-02	4.441930e-02	7.317640e-02	8.865780e-02	5.261570e-02	1.274445e-01	1.293184e-01	7.953220e-02	
2.309180e-02	4.894250e-02	5.404440e-02	1.192230e-02	4.924780e-02	9.467850e-02	8.164290e-02	8.417630e-02	4.590040e-02	3.451350e-02	1.217035e-01	1.242004e-01	3.085370e-02	5.184000e-02	1.068263e-01	3.641570e-02	
2.720110e-02	4.985790e-02	5.305630e-02	1.897840e-02	3.553790e-02	5.338030e-02	4.963120e-02	9.142510e-02	6.238590e-02	2.896660e-02	1.450660e-01	1.277986e-01	4.166590e-02	5.055050e-02	1.202093e-01	4.428900e-02	
4.626380e-02	3.281480e-02	5.439910e-02	3.331310e-02	2.840450e-02	2.239980e-02	3.854920e-02	9.340180e-02	8.723270e-02	1.783970e-02	1.034421e-01	1.594483e-01	5.937750e-02	3.953940e-02	1.189519e-01	6.462230e-02	
4.381280e-02	3.805910e-02	7.999230e-02	5.941430e-02	1.286370e-02	1.515510e-02	3.014960e-02	5.442530e-02	4.858120e-02	2.209920e-02	1.062993e-01	1.383626e-01	5.660140e-02	5.302760e-02	1.398679e-01	1.012886e-01	
2.523460e-02	3.052890e-02	5.860180e-02	4.749380e-02	1.426010e-02	1.622410e-02	3.727230e-02	6.058450e-02	5.791060e-02	2.743480e-02	1.185993e-01	1.523644e-01	5.448920e-02	5.072560e-02	1.316554e-01	1.166206e-01	
2.094590e-02	3.332950e-02	5.756530e-02	4.005380e-02	1.555410e-02	1.622400e-02	4.115180e-02	5.198350e-02	5.595340e-02	2.921540e-02	1.200363e-01	1.409237e-01	5.356990e-02	5.490700e-02	1.385334e-01	1.300530e-01	
1.874120e-02	3.321140e-02	5.894680e-02	3.512390e-02	1.660090e-02	1.732390e-02	4.759530e-02	5.215580e-02	5.456950e-02	3.337020e-02	1.293925e-01	1.399546e-01	4.492340e-02	5.309140e-02	1.391364e-01	1.258628e-01	
1.756470e-02	2.964150e-02	5.555550e-02	3.207330e-02	1.648400e-02	1.938920e-02	4.844090e-02	5.268280e-02	5.940330e-02	4.038250e-02	1.293456e-01	1.459396e-01	3.976230e-02	5.321390e-02	1.361900e-01	1.239309e-01	
1.712340e-02	3.440370e-02	5.478100e-02	2.690620e-02	1.572580e-02	3.145810e-02	4.858140e-02	4.686180e-02	5.760820e-02	5.576920e-02	1.200963e-01	1.360583e-01	3.568960e-02	7.116150e-02	1.341364e-01	1.136391e-01	
3.094490e-02	3.512190e-02	3.941650e-02	2.066370e-02	3.211840e-02	5.029320e-02	4.729490e-02	6.308600e-02	9.346490e-02	4.272530e-02	6.228830e-02	1.591166e-01	5.099600e-02	6.618970e-02	9.990290e-02	1.063768e-01	
6.156710e-02	6.539970e-02	5.666890e-02	2.388850e-02	4.089670e-02	5.558060e-02	4.824260e-02	4.961020e-02	6.762000e-02	2.676420e-02	4.473100e-02	1.097874e-01	6.166570e-02	7.930830e-02	1.117175e-01	9.655160e-02	
7.699800e-02	5.862760e-02	6.679760e-02	2.932630e-02	5.513460e-02	5.038630e-02	5.353270e-02	6.799920e-02	6.401890e-02	1.864110e-02	5.962260e-02	1.190774e-01	6.296460e-02	5.238760e-02	1.033473e-01	6.113820e-02	
5.941790e-02	5.852340e-02	9.712760e-02	4.404720e-02	2.806170e-02	3.737180e-02	5.344150e-02	6.116760e-02	4.729960e-02	2.132340e-02	1.036118e-01	1.110654e-01	5.283470e-02	5.343030e-02	1.177695e-01	5.350660e-02	
4.196130e-02	2.652870e-02	6.372510e-02	5.539880e-02	2.663550e-02	1.844020e-02	4.259780e-02	8.297540e-02	7.459320e-02	2.022100e-02	1.089763e-01	1.681599e-01	5.110550e-02	3.527980e-02	9.925610e-02	8.414540e-02	
2.503180e-02	3.567620e-02	7.157800e-02	6.200950e-02	1.635380e-02	1.145250e-02	2.834290e-02	4.432050e-02	5.735860e-02	2.596580e-02	1.087295e-01	1.225014e-01	4.416160e-02	5.447060e-02	1.323785e-01	1.596688e-01	
1.508490e-02	3.239600e-02	5.588360e-02	3.954130e-02	2.252150e-02	1.374270e-02	3.488090e-02	5.642000e-02	5.983380e-02	3.092800e-02	1.262714e-01	1.239957e-01	3.905660e-02	5.664750e-02	1.398172e-01	1.529789e-01	
1.340760e-02	3.472870e-02	5.608630e-02	3.227420e-02	2.295550e-02	1.478670e-02	3.731630e-02	5.865570e-02	5.563400e-02	3.657650e-02	1.409239e-01	1.237187e-01	3.530640e-02	5.790000e-02	1.430485e-01	1.366810e-01	
1.290710e-02	3.361510e-02	5.448840e-02	2.629290e-02	2.179000e-02	1.775350e-02	4.343460e-02	6.101380e-02	5.111670e-02	4.375630e-02	1.523271e-01	1.301749e-01	3.468540e-02	5.860600e-02	1.384567e-01	1.195815e-01	
9.652300e-03	3.607610e-02	5.310850e-02	2.166230e-02	1.283950e-02	3.010310e-02	5.275450e-02	5.803380e-02	3.638280e-02	6.725050e-02	1.568471e-01	1.282264e-01	2.521060e-02	7.609580e-02	1.357484e-01	1.000083e-01	
1.599260e-02	2.184660e-02	3.003690e-02	1.620910e-02	2.233080e-02	4.473170e-02	5.930910e-02	8.315390e-02	9.052560e-02	5.335620e-02	7.035610e-02	1.842206e-01	3.967030e-02	5.729170e-02	1.020478e-01	1.089210e-01	
3.990980e-02	6.735200e-02	4.387750e-02	1.738000e-02	2.535330e-02	6.435590e-02	4.714390e-02	4.037310e-02	6.645670e-02	4.453320e-02	3.843910e-02	1.123209e-01	5.177980e-02	1.021975e-01	1.205036e-01	1.180237e-01	
6.622430e-02	7.084070e-02	3.466930e-02	1.176530e-02	7.890740e-02	9.883330e-02	5.267960e-02	4.801830e-02	7.647210e-02	2.243390e-02	3.602760e-02	1.150305e-01	6.165440e-02	6.760760e-02	9.727550e-02	6.156020e-02	
8.435020e-02	9.424670e-02	8.533570e-02	1.932560e-02	5.480720e-02	8.310470e-02	6.909980e-02	5.270380e-02	3.845320e-02	1.422790e-02	7.709340e-02	9.087750e-02	4.726080e-02	5.033610e-02	1.081190e-01	3.065840e-02	
6.424610e-02	4.171480e-02	8.029050e-02	3.862000e-02	3.802770e-02	3.749400e-02	6.613330e-02	1.002604e-01	5.322860e-02	1.619570e-02	1.139536e-01	1.562700e-01	4.001860e-02	2.975570e-02	8.850670e-02	3.528430e-02	
3.208200e-02	3.368410e-02	7.689220e-02	5.286270e-02	1.491440e-02	1.580060e-02	3.808200e-02	5.636320e-02	4.893530e-02	2.641840e-02	1.260220e-01	1.475084e-01	4.762770e-02	4.918720e-02	1.349588e-01	9.866100e-02	
1.877940e-02	2.828810e-02	5.573980e-02	4.075210e-02	1.490270e-02	1.521130e-02	3.899510e-02	5.598120e-02	5.536730e-02	3.201180e-02	1.341203e-01	1.544556e-01	4.781330e-02	5.185280e-02	1.379976e-01	1.177316e-01	
1.629260e-02	3.156620e-02	5.399540e-02	3.500850e-02	1.558040e-02	1.633690e-02	4.232050e-02	5.312620e-02	5.300900e-02	3.469450e-02	1.323001e-01	1.468492e-01	4.605220e-02	5.569310e-02	1.399480e-01	1.272272e-01	
1.478550e-02	3.145970e-02	5.379520e-02	3.089380e-02	1.469300e-02	1.865330e-02	4.890570e-02	5.603870e-02	5.058330e-02	3.929130e-02	1.309419e-01	1.477475e-01	4.101930e-02	5.664190e-02	1.390323e-01	1.255176e-01	
1.337490e-02	2.803050e-02	5.070690e-02	2.896880e-02	1.207720e-02	2.370460e-02	5.256860e-02	5.769580e-02	4.916640e-02	4.675160e-02	1.189418e-01	1.578153e-01	3.319520e-02	5.988960e-02	1.386523e-01	1.284605e-01	
2.422800e-02	2.549830e-02	3.466800e-02	2.341940e-02	2.352130e-02	3.111050e-02	4.171390e-02	6.203060e-02	8.984870e-02	3.621230e-02	5.334810e-02	1.814605e-01	5.597850e-02	6.018750e-02	1.093946e-01	1.473798e-01	
4.149850e-02	6.753570e-02	5.904340e-02	2.549890e-02	2.442910e-02	4.527620e-02	4.236450e-02	4.093880e-02	4.937560e-02	3.546160e-02	5.200370e-02	1.022837e-01	6.123700e-02	1.029642e-01	1.290452e-01	1.210439e-01	
4.828110e-02	5.542410e-02	5.168570e-02	2.114930e-02	5.718940e-02	6.270900e-02	6.322270e-02	6.811660e-02	6.623590e-02	2.684620e-02	6.858900e-02	1.207857e-01	5.749620e-02	5.917230e-02	1.068301e-01	6.626670e-02	
4.234390e-02	7.241410e-02	8.697990e-02	2.746470e-02	3.026210e-02	5.463330e-02	6.418530e-02	5.507090e-02	4.337200e-02	2.792060e-02	1.168760e-01	1.021589e-01	4.164870e-02	6.204830e-02	1.252159e-01	4.740540e-02	
4.250750e-02	2.568400e-02	5.745040e-02	3.198480e-02	3.365440e-02	2.631420e-02	5.830520e-02	9.874250e-02	7.483630e-02	1.852150e-02	1.222559e-01	1.776434e-01	4.934390e-02	3.097010e-02	1.022549e-01	4.953100e-02	
3.317680e-02	3.365640e-02	7.832990e-02	5.517900e-02	1.275040e-02	1.245390e-02	3.104020e-02	4.524530e-02	5.438090e-02	2.541920e-02	1.198601e-01	1.406062e-01	5.208040e-02	5.064730e-02	1.392814e-01	1.158926e-01	
2.051180e-02	2.942190e-02	5.957020e-02	4.288460e-02	1.622910e-02	1.455990e-02	3.832350e-02	5.306430e-02	5.883120e-02	2.991210e-02	1.300662e-01	1.497021e-01	4.700840e-02	5.008740e-02	1.345878e-01	1.252395e-01	
1.709520e-02	3.158000e-02	5.675530e-02	3.715000e-02	1.756200e-02	1.510650e-02	3.975400e-02	5.155880e-02	5.478150e-02	3.275880e-02	1.313482e-01	1.436592e-01	4.373180e-02	5.445420e-02	1.391567e-01	1.335478e-01	
1.510040e-02	3.155050e-02	5.415930e-02	3.236030e-02	1.757670e-02	1.732470e-02	4.392740e-02	5.507070e-02	5.163090e-02	3.759290e-02	1.336393e-01	1.441511e-01	3.953710e-02	5.684590e-02	1.387173e-01	1.308155e-01	
1.426340e-02	2.945890e-02	5.054940e-02	2.957340e-02	1.583000e-02	2.093170e-02	4.758130e-02	5.897100e-02	5.237880e-02	4.338810e-02	1.250337e-01	1.496427e-01	3.777280e-02	5.998530e-02	1.352189e-01	1.294206e-01	
1.387620e-02	3.175500e-02	4.860630e-02	2.600750e-02	1.402680e-02	3.192900e-02	5.103320e-02	5.677500e-02	5.026470e-02	5.203710e-02	1.097459e-01	1.463356e-01	3.436280e-02	7.448160e-02	1.346928e-01	1.240705e-01	
2.615820e-02	3.074360e-02	3.512270e-02	2.050600e-02	3.013090e-02	4.305510e-02	4.792710e-02	6.908960e-02	8.744120e-02	3.568690e-02	5.448270e-02	1.664674e-01	5.495660e-02	6.530100e-02	1.065513e-01	1.263797e-01	
5.079450e-02	6.638090e-02	5.663640e-02	2.487510e-02	3.359820e-02	4.785560e-02	4.631970e-02	4.701310e-02	5.841060e-02	2.861720e-02	4.796290e-02	1.090931e-01	6.355160e-02	8.570190e-02	1.227450e-01	1.104442e-01	
6.374310e-02	5.615340e-02	6.047780e-02	2.598060e-02	5.623730e-02	4.921260e-02	5.816960e-02	6.493610e-02	6.681090e-02	2.061660e-02	6.502290e-02	1.212136e-01	6.367380e-02	5.263900e-02	1.090323e-01	6.608040e-02	
5.341240e-02	5.949770e-02	1.002941e-01	3.726090e-02	2.800780e-02	3.720780e-02	5.995160e-02	5.345440e-02	4.563520e-02	2.207800e-02	1.140586e-01	1.109308e-01	4.857880e-02	5.175320e-02	1.247079e-01	5.317080e-02	
3.059310e-02	3.339770e-02	7.101480e-02	4.062860e-02	1.994200e-02	2.426540e-02	5.158480e-02	7.474450e-02	5.606270e-02	2.732790e-02	1.520153e-01	1.636063e-01	3.878180e-02	4.131110e-02	1.150766e-01	5.964740e-02	
2.177530e-02	2.567780e-02	5.490930e-02	4.301720e-02	1.392060e-02	1.555860e-02	3.872960e-02	5.809330e-02	6.012870e-02	2.996000e-02	1.342803e-01	1.653225e-01	4.995290e-02	4.745360e-02	1.312780e-01	1.099423e-01	
1.870290e-02	3.121700e-02	5.647480e-02	3.938280e-02	1.415830e-02	1.438570e-02	4.024390e-02	4.986210e-02	5.608130e-02	3.044880e-02	1.252283e-01	1.474388e-01	4.959980e-02	5.402910e-02	1.406509e-01	1.320955e-01	
1.629120e-02	3.134460e-02	5.596190e-02	3.494460e-02	1.529090e-02	1.609430e-02	4.584690e-02	5.284850e-02	5.303380e-02	3.461870e-02	1.278098e-01	1.471356e-01	4.206360e-02	5.352110e-02	1.404948e-01	1.326997e-01	
1.498080e-02	2.792010e-02	5.184060e-02	3.193800e-02	1.461420e-02	1.847090e-02	4.760120e-02	5.489240e-02	5.574500e-02	4.047600e-02	1.188826e-01	1.550098e-01	3.862110e-02	5.514870e-02	1.390867e-01	1.347719e-01	
1.625980e-02	3.261220e-02	4.835360e-02	2.673550e-02	1.532210e-02	3.086100e-02	4.668000e-02	4.915260e-02	5.850890e-02	5.168200e-02	9.691840e-02	1.503018e-01	3.942290e-02	7.480030e-02	1.338680e-01	1.285209e-01	
3.729460e-02	4.426940e-02	3.102440e-02	1.692530e-02	3.605060e-02	6.376680e-02	3.903610e-02	5.110200e-02	9.662020e-02	4.027450e-02	3.628430e-02	1.526410e-01	6.542800e-02	8.424420e-02	8.937240e-02	1.156662e-01	
8.181140e-02	9.136200e-02	4.878980e-02	1.343020e-02	5.632530e-02	8.858700e-02	4.882000e-02	3.882260e-02	5.314030e-02	1.918610e-02	3.041560e-02	9.297520e-02	6.914090e-02	8.512910e-02	1.074037e-01	7.466080e-02	
9.937180e-02	7.079730e-02	6.826980e-02	2.197900e-02	7.832880e-02	6.704510e-02	6.258500e-02	7.630530e-02	4.720260e-02	1.156260e-02	6.102240e-02	1.156415e-01	5.251310e-02	3.484290e-02	9.772210e-02	3.481070e-02	
7.181910e-02	6.009900e-02	9.927240e-02	4.622580e-02	2.758600e-02	3.599430e-02	5.030360e-02	7.036400e-02	4.356850e-02	1.548870e-02	1.125686e-01	1.179735e-01	5.190490e-02	3.966630e-02	1.176344e-01	3.953090e-02	
4.331240e-02	2.774040e-02	6.611850e-02	5.770720e-02	1.963740e-02	1.612370e-02	3.773260e-02	7.775460e-02	7.652240e-02	1.840890e-02	1.125965e-01	1.722512e-01	5.544910e-02	3.516550e-02	1.071010e-01	7.637860e-02	
2.793080e-02	3.299870e-02	7.136290e-02	6.262890e-02	1.465510e-02	1.103900e-02	2.953520e-02	4.220920e-02	5.965550e-02	2.270510e-02	1.061197e-01	1.350683e-01	5.089600e-02	5.048380e-02	1.326121e-01	1.500997e-01	
1.744940e-02	3.301760e-02	5.874160e-02	4.392880e-02	2.092120e-02	1.240830e-02	3.414220e-02	4.975490e-02	5.990950e-02	2.649600e-02	1.216959e-01	1.315285e-01	4.312920e-02	5.375080e-02	1.400479e-01	1.530782e-01	
1.443990e-02	3.364120e-02	5.696770e-02	3.636050e-02	2.273280e-02	1.308090e-02	3.514610e-02	5.471290e-02	5.732350e-02	3.271120e-02	1.387592e-01	1.258337e-01	3.690470e-02	5.531510e-02	1.439455e-01	1.421251e-01	
1.315700e-02	3.198430e-02	5.578570e-02	3.047390e-02	2.151670e-02	1.537600e-02	3.928250e-02	5.857320e-02	5.419490e-02	4.076460e-02	1.535636e-01	1.262954e-01	3.410060e-02	5.655810e-02	1.410840e-01	1.272895e-01	
1.313070e-02	3.073850e-02	5.246330e-02	2.663670e-02	1.859550e-02	2.210120e-02	4.458910e-02	5.939720e-02	5.096090e-02	5.501250e-02	1.531876e-01	1.305548e-01	3.291700e-02	6.361410e-02	1.315895e-01	1.145114e-01	
1.663250e-02	3.540190e-02	4.153580e-02	2.203390e-02	2.095390e-02	3.928590e-02	4.558120e-02	6.564530e-02	6.545880e-02	6.055790e-02	1.123863e-01	1.434265e-01	3.586910e-02	7.382760e-02	1.029288e-01	1.184746e-01	
3.085410e-02	4.722860e-02	4.370930e-02	1.712230e-02	3.089750e-02	6.828330e-02	5.917440e-02	5.071810e-02	7.045950e-02	4.763850e-02	5.530430e-02	1.290298e-01	5.014120e-02	9.092000e-02	1.139525e-01	9.456660e-02	
5.102340e-02	5.847140e-02	5.512860e-02	1.772890e-02	5.188140e-02	7.704580e-02	6.376660e-02	6.137660e-02	6.609870e-02	2.747580e-02	5.803440e-02	1.205316e-01	5.451870e-02	6.962760e-02	1.099481e-01	5.734240e-02	
6.488240e-02	5.404610e-02	7.613770e-02	2.845600e-02	4.585900e-02	5.178830e-02	5.895650e-02	7.601680e-02	5.420740e-02	1.897420e-02	8.692400e-02	1.267721e-01	5.430240e-02	4.711430e-02	1.098558e-01	4.570700e-02	
4.678130e-02	4.643320e-02	7.806750e-02	4.796920e-02	2.507800e-02	2.795010e-02	4.373640e-02	7.515840e-02	5.698960e-02	2.371560e-02	1.190367e-01	1.321321e-01	4.242940e-02	4.609250e-02	1.033045e-01	8.512550e-02	
2.815880e-02	3.019830e-02	6.327230e-02	4.964890e-02	1.768850e-02	1.941270e-02	4.089040e-02	6.619980e-02	4.946920e-02	2.800570e-02	1.206505e-01	1.460197e-01	4.696240e-02	5.168970e-02	1.301525e-01	1.115806e-01	
1.940040e-02	2.904290e-02	5.291890e-02	4.091670e-02	1.555540e-02	1.670980e-02	3.845650e-02	5.858470e-02	5.237890e-02	3.155110e-02	1.241503e-01	1.468854e-01	4.878990e-02	5.548500e-02	1.386050e-01	1.305691e-01	
1.701230e-02	3.269170e-02	5.271630e-02	3.370430e-02	1.618800e-02	1.814200e-02	4.430750e-02	5.415130e-02	5.183530e-02	3.482590e-02	1.269218e-01	1.405477e-01	4.757750e-02	5.805460e-02	1.404438e-01	1.308800e-01	
1.592420e-02	3.268800e-02	5.458660e-02	2.941430e-02	1.505740e-02	2.037860e-02	5.276780e-02	5.551040e-02	5.196800e-02	3.980720e-02	1.310009e-01	1.416133e-01	4.102240e-02	5.676400e-02	1.398937e-01	1.216032e-01	
1.570320e-02	2.985280e-02	5.109420e-02	2.732180e-02	1.362100e-02	2.447820e-02	5.462750e-02	5.691110e-02	5.999060e-02	4.699840e-02	1.186031e-01	1.526569e-01	3.654200e-02	5.760690e-02	1.345369e-01	1.194554e-01	
1.674580e-02	3.520080e-02	5.121370e-02	2.269650e-02	1.395000e-02	4.029120e-02	5.464480e-02	5.005030e-02	6.113180e-02	5.532250e-02	9.697640e-02	1.454310e-01	3.363360e-02	7.456440e-02	1.370337e-01	1.111135e-01	
2.192880e-02	3.899430e-02	4.467190e-02	1.986620e-02	2.492210e-02	4.565220e-02	5.665950e-02	7.814510e-02	8.302940e-02	3.689900e-02	7.078140e-02	1.491588e-01	3.635530e-02	6.129270e-02	1.240055e-01	1.076378e-01	
4.959850e-02	4.554010e-02	4.620490e-02	2.489210e-02	3.918910e-02	3.120980e-02	4.597850e-02	6.646080e-02	9.849690e-02	1.973670e-02	4.389240e-02	1.339923e-01	4.944610e-02	5.235430e-02	1.187887e-01	1.342188e-01	
9.785920e-02	5.022950e-02	5.591220e-02	3.272970e-02	4.817270e-02	2.410820e-02	3.236320e-02	4.419680e-02	8.255040e-02	1.175510e-02	3.637380e-02	1.241852e-01	8.139840e-02	5.465010e-02	1.101040e-01	1.134115e-01	
8.361730e-02	5.389190e-02	1.243431e-01	4.812840e-02	2.540590e-02	2.411200e-02	5.157680e-02	3.964820e-02	4.646930e-02	1.153600e-02	7.487400e-02	1.018739e-01	6.466370e-02	5.386780e-02	1.223108e-01	7.368090e-02	
3.234280e-02	4.067720e-02	1.012012e-01	4.593500e-02	1.669440e-02	1.979950e-02	5.209220e-02	5.482160e-02	5.382230e-02	2.580930e-02	1.659241e-01	1.275490e-01	3.377380e-02	4.035780e-02	1.132999e-01	7.589990e-02	
1.970710e-02	2.189290e-02	5.591590e-02	3.911740e-02	1.640760e-02	1.444950e-02	4.218190e-02	5.360480e-02	7.126850e-02	2.965710e-02	1.503617e-01	1.812301e-01	4.534690e-02	3.907800e-02	1.218917e-01	9.788890e-02	
1.724400e-02	3.137960e-02	6.192480e-02	4.218170e-02	1.620660e-02	1.144510e-02	3.448140e-02	4.294440e-02	5.750340e-02	2.804370e-02	1.359747e-01	1.488294e-01	4.306720e-02	4.957550e-02	1.434788e-01	1.357197e-01	
1.372800e-02	3.062070e-02	5.520570e-02	3.446680e-02	1.947980e-02	1.296600e-02	3.686360e-02	5.113450e-02	5.117010e-02	3.283960e-02	1.460194e-01	1.458306e-01	3.701370e-02	5.106490e-02	1.445246e-01	1.370720e-01	
1.112480e-02	2.963780e-02	4.808450e-02	3.254450e-02	1.465350e-02	1.727370e-02	3.774080e-02	5.782320e-02	4.105410e-02	4.617370e-02	1.405022e-01	1.548833e-01	3.062980e-02	6.016970e-02	1.361484e-01	1.415560e-01	
1.645370e-02	2.342530e-02	3.184300e-02	2.574020e-02	2.158040e-02	2.749390e-02	3.766430e-02	6.651630e-02	7.038310e-02	4.205500e-02	6.500850e-02	1.850293e-01	4.763550e-02	6.499110e-02	1.083722e-01	1.658082e-01	
3.250100e-02	5.370750e-02	4.866100e-02	2.118320e-02	2.339770e-02	5.072800e-02	4.463480e-02	3.920480e-02	4.605020e-02	3.701360e-02	4.930470e-02	1.105195e-01	6.370220e-02	1.123192e-01	1.294431e-01	1.376295e-01	
4.357680e-02	5.323540e-02	5.185190e-02	1.698700e-02	5.090490e-02	7.349630e-02	6.964070e-02	5.972640e-02	5.368020e-02	2.634590e-02	6.908770e-02	1.229298e-01	5.834450e-02	6.824510e-02	1.149477e-01	6.699970e-02	
5.473130e-02	4.943750e-02	7.478670e-02	2.755090e-02	4.271530e-02	4.314680e-02	6.474650e-02	7.071410e-02	5.260030e-02	1.929270e-02	1.034433e-01	1.301917e-01	5.395340e-02	4.320120e-02	1.188756e-01	5.061270e-02	
3.901450e-02	4.298380e-02	8.195920e-02	4.004280e-02	2.064270e-02	2.676580e-02	4.800590e-02	5.966380e-02	5.015780e-02	2.506530e-02	1.486213e-01	1.380077e-01	4.796650e-02	4.568390e-02	1.295523e-01	5.586670e-02	
3.022360e-02	2.424130e-02	5.739970e-02	4.591690e-02	1.721160e-02	1.524510e-02	3.685150e-02	7.119060e-02	7.047860e-02	2.255290e-02	1.319670e-01	1.831402e-01	5.260890e-02	3.811770e-02	1.194054e-01	8.344900e-02	
2.416790e-02	2.948380e-02	6.191490e-02	5.495610e-02	1.287690e-02	1.178930e-02	3.094780e-02	4.454300e-02	5.664740e-02	2.416700e-02	1.162858e-01	1.485234e-01	5.332330e-02	4.873140e-02	1.376769e-01	1.439651e-01	
1.762950e-02	3.316000e-02	5.619190e-02	4.003410e-02	1.794670e-02	1.293120e-02	3.726420e-02	4.602940e-02	5.417980e-02	2.665600e-02	1.249158e-01	1.410738e-01	4.617340e-02	5.230250e-02	1.445469e-01	1.489648e-01	
1.489950e-02	3.306260e-02	5.466770e-02	3.329960e-02	1.915880e-02	1.425020e-02	4.110920e-02	5.053150e-02	5.124180e-02	3.314490e-02	1.377360e-01	1.407961e-01	3.865390e-02	5.324380e-02	1.456397e-01	1.385647e-01	
1.348630e-02	2.987830e-02	5.128080e-02	2.930860e-02	1.675990e-02	1.741520e-02	4.457810e-02	5.494830e-02	5.183300e-02	4.261430e-02	1.383417e-01	1.463636e-01	3.510270e-02	5.653660e-02	1.406145e-01	1.309381e-01	
1.371440e-02	2.884170e-02	4.844900e-02	2.617680e-02	1.529420e-02	2.513040e-02	4.923210e-02	5.678770e-02	5.550630e-02	5.011750e-02	1.194008e-01	1.497905e-01	3.571410e-02	6.482780e-02	1.353187e-01	1.256980e-01	
2.031450e-02	2.743010e-02	4.801430e-02	2.447010e-02	2.141790e-02	3.382040e-02	5.284010e-02	6.083900e-02	6.621560e-02	4.008130e-02	9.179440e-02	1.543093e-01	4.578470e-02	6.386360e-02	1.279702e-01	1.208345e-01	
3.167430e-02	5.050790e-02	4.750750e-02	2.404300e-02	2.729210e-02	4.106010e-02	3.941640e-02	5.742680e-02	6.677070e-02	3.820280e-02	1.064665e-01	1.091790e-01	4.946860e-02	7.535640e-02	9.479580e-02	1.408321e-01	
3.669740e-02	6.027710e-02	5.665160e-02	2.157960e-02	3.788200e-02	5.260600e-02	5.363520e-02	6.100400e-02	6.494040e-02	3.772970e-02	7.317130e-02	1.123448e-01	5.124670e-02	8.124820e-02	1.220356e-01	7.695040e-02	
3.708970e-02	6.359410e-02	6.645130e-02	2.363140e-02	4.091360e-02	5.851090e-02	5.746200e-02	7.497450e-02	6.162490e-02	3.428050e-02	1.020719e-01	1.075164e-01	4.377430e-02	6.297580e-02	1.133475e-01	5.178120e-02	
4.834530e-02	4.160910e-02	6.111620e-02	3.233190e-02	3.698070e-02	3.754450e-02	5.317720e-02	9.165890e-02	7.200190e-02	2.319530e-02	1.022095e-01	1.419260e-01	4.827810e-02	4.436100e-02	1.033832e-01	6.188120e-02	
4.346030e-02	3.849420e-02	7.576360e-02	4.788790e-02	1.935450e-02	2.175350e-02	4.004420e-02	6.555770e-02	5.450620e-02	2.370600e-02	1.073234e-01	1.343505e-01	5.294510e-02	5.246490e-02	1.285979e-01	9.379010e-02	
2.923650e-02	3.179150e-02	6.256890e-02	4.666920e-02	1.629480e-02	1.787470e-02	3.855310e-02	6.369600e-02	6.015920e-02	2.721350e-02	1.174605e-01	1.468959e-01	5.313610e-02	5.076970e-02	1.287573e-01	1.089231e-01	
2.373530e-02	3.260980e-02	5.936350e-02	4.311800e-02	1.628070e-02	1.673660e-02	3.922210e-02	5.541000e-02	5.983160e-02	2.884020e-02	1.166015e-01	1.420665e-01	5.352520e-02	5.441290e-02	1.327884e-01	1.254577e-01	
2.100650e-02	3.405340e-02	5.970400e-02	3.860890e-02	1.777820e-02	1.737440e-02	4.371930e-02	5.372760e-02	5.763170e-02	3.137810e-02	1.211311e-01	1.378346e-01	4.837110e-02	5.526230e-02	1.348262e-01	1.275926e-01	
1.902610e-02	3.257860e-02	5.810610e-02	3.507670e-02	1.827980e-02	1.882140e-02	4.618550e-02	5.478150e-02	5.789610e-02	3.596290e-02	1.266409e-01	1.388807e-01	4.260710e-02	5.500280e-02	1.344244e-01	1.257294e-01	
1.866850e-02	3.098850e-02	5.592450e-02	3.222760e-02	1.863910e-02	2.207220e-02	4.675170e-02	5.490270e-02	6.136410e-02	4.094480e-02	1.245678e-01	1.384802e-01	4.063530e-02	5.780460e-02	1.325831e-01	1.234453e-01	
2.182530e-02	3.281830e-02	5.457410e-02	3.008930e-02	2.140940e-02	2.956370e-02	4.582420e-02	5.501280e-02	6.418490e-02	4.516300e-02	1.150357e-01	1.354435e-01	4.312400e-02	6.524210e-02	1.228936e-01	1.177961e-01	
2.945760e-02	4.240550e-02	5.099290e-02	2.768760e-02	2.798640e-02	3.946850e-02	4.421910e-02	6.111310e-02	7.235290e-02	4.485830e-02	9.072990e-02	1.303865e-01	4.697660e-02	7.078010e-02	1.022246e-01	1.183604e-01	
3.910550e-02	5.031920e-02	5.955610e-02	2.779270e-02	3.305230e-02	4.788610e-02	5.383650e-02	6.273750e-02	6.406490e-02	3.713300e-02	7.381700e-02	1.131516e-01	5.281420e-02	7.792720e-02	1.144891e-01	9.231710e-02	
4.284990e-02	4.895230e-02	6.565850e-02	3.157620e-02	3.725990e-02	4.393060e-02	5.493210e-02	7.714290e-02	6.864150e-02	3.036120e-02	8.330700e-02	1.193890e-01	5.289600e-02	6.076760e-02	1.094595e-01	7.287580e-02	
3.852230e-02	4.869490e-02	7.566370e-02	3.876640e-02	2.625170e-02	3.675560e-02	5.112260e-02	6.988180e-02	5.815040e-02	3.114500e-02	1.072876e-01	1.167741e-01	4.947980e-02	6.058490e-02	1.189559e-01	7.196330e-02	
2.787490e-02	3.953130e-02	6.564760e-02	3.935040e-02	2.223480e-02	2.948340e-02	5.083530e-02	7.462690e-02	5.978460e-02	3.322250e-02	1.207828e-01	1.392399e-01	3.884280e-02	5.318120e-02	1.146783e-01	9.068330e-02	
2.277410e-02	3.293360e-02	6.075810e-02	3.227130e-02	1.974050e-02	2.457320e-02	4.931290e-02	6.179180e-02	5.816580e-02	3.293200e-02	1.245958e-01	1.362504e-01	4.177960e-02	5.552000e-02	1.347603e-01	1.118406e-01	
4.730870e-02	2.499790e-02	3.662000e-02	3.353340e-02	3.893250e-02	1.768600e-02	2.825240e-02	6.108790e-02	1.235790e-01	2.518990e-02	7.647670e-02	1.441815e-01	9.099120e-02	4.407280e-02	8.528410e-02	1.218060e-01	
