1.120107e-01	3.005673e-01	3.607660e-01	2.266560e-01	
1.471312e-01	1.425354e-01	3.399714e-01	3.703620e-01	
1.434277e-01	1.586636e-01	3.539580e-01	3.439507e-01	
1.954048e-01	1.554687e-01	2.860686e-01	3.630579e-01	
1.828160e-01	2.033964e-01	3.025878e-01	3.111998e-01	
2.139623e-01	1.888549e-01	2.929216e-01	3.042612e-01	
1.830743e-01	1.975421e-01	3.395318e-01	2.798518e-01	
1.882763e-01	1.395142e-01	3.197878e-01	3.524217e-01	
1.513500e-01	1.422762e-01	3.502092e-01	3.561646e-01	
1.424848e-01	1.387334e-01	3.540776e-01	3.647042e-01	
1.386857e-01	1.457925e-01	3.573022e-01	3.582196e-01	
1.328990e-01	1.547038e-01	3.656384e-01	3.467588e-01	
1.280559e-01	1.597610e-01	3.658636e-01	3.463195e-01	
1.373015e-01	1.709528e-01	3.399298e-01	3.518159e-01	
1.419817e-01	2.088532e-01	3.332660e-01	3.158991e-01	
2.367473e-01	1.665553e-01	2.476381e-01	3.490593e-01	
2.356726e-01	1.896348e-01	2.637886e-01	3.109040e-01	
2.019666e-01	2.093529e-01	3.268926e-01	2.617879e-01	
1.929628e-01	1.518141e-01	3.413872e-01	3.138359e-01	
1.680501e-01	1.226071e-01	3.569632e-01	3.523796e-01	
1.464156e-01	1.188333e-01	3.610394e-01	3.737117e-01	
1.350758e-01	1.259317e-01	3.624034e-01	3.765891e-01	
1.265714e-01	1.381635e-01	3.751154e-01	3.601497e-01	
1.162292e-01	1.485886e-01	3.895356e-01	3.456466e-01	
9.305850e-02	1.780802e-01	3.904505e-01	3.384108e-01	
1.453740e-01	1.521325e-01	2.894362e-01	4.130573e-01	
1.546375e-01	2.045554e-01	2.794715e-01	3.613356e-01	
2.211906e-01	2.059654e-01	2.665901e-01	3.062539e-01	
2.533592e-01	1.653171e-01	3.089132e-01	2.724105e-01	
1.556722e-01	1.586022e-01	4.440107e-01	2.417149e-01	
1.585184e-01	9.402530e-02	3.814433e-01	3.660130e-01	
1.290279e-01	1.229009e-01	3.679915e-01	3.800797e-01	
1.217753e-01	1.340049e-01	3.701123e-01	3.741075e-01	
1.075266e-01	1.510757e-01	3.729469e-01	3.684508e-01	
1.125515e-01	1.519204e-01	3.114008e-01	4.241273e-01	
1.684602e-01	2.013874e-01	2.412416e-01	3.889108e-01	
1.380010e-01	3.097455e-01	3.263178e-01	2.259357e-01	
1.490937e-01	2.299745e-01	3.642171e-01	2.567147e-01	
1.667908e-01	1.827553e-01	3.679628e-01	2.824911e-01	
2.212785e-01	1.125937e-01	3.153423e-01	3.507855e-01	
1.618591e-01	1.283410e-01	3.563091e-01	3.534908e-01	
1.518945e-01	1.249134e-01	3.461288e-01	3.770633e-01	
1.460233e-01	1.336759e-01	3.572868e-01	3.630140e-01	
1.348350e-01	1.369969e-01	3.750710e-01	3.530971e-01	
1.332143e-01	1.426271e-01	3.695320e-01	3.546266e-01	
1.261470e-01	1.927925e-01	3.575951e-01	3.234654e-01	
2.075242e-01	1.943301e-01	2.489026e-01	3.492431e-01	
2.317495e-01	2.270528e-01	2.613600e-01	2.798377e-01	
2.591161e-01	1.800426e-01	2.833002e-01	2.775411e-01	
1.876139e-01	1.706489e-01	3.719504e-01	2.697868e-01	
1.942955e-01	1.004697e-01	3.145553e-01	3.906795e-01	
1.429058e-01	1.275651e-01	3.410289e-01	3.885002e-01	
1.364968e-01	1.337142e-01	3.568531e-01	3.729359e-01	
1.273035e-01	1.439919e-01	3.773750e-01	3.513296e-01	
1.204992e-01	1.537309e-01	3.887068e-01	3.370631e-01	
8.408520e-02	2.095255e-01	3.984585e-01	3.079308e-01	
1.685193e-01	1.772262e-01	2.617499e-01	3.925046e-01	
1.834996e-01	2.784386e-01	2.499641e-01	2.880977e-01	
2.832582e-01	2.597155e-01	2.206520e-01	2.363743e-01	
2.248714e-01	2.419154e-01	3.396479e-01	1.935653e-01	
1.955210e-01	1.251602e-01	3.488841e-01	3.304347e-01	
1.435594e-01	1.250903e-01	3.759550e-01	3.553953e-01	
1.368627e-01	1.273640e-01	3.668528e-01	3.689205e-01	
1.309342e-01	1.382907e-01	3.685640e-01	3.622111e-01	
1.210811e-01	1.460462e-01	3.726751e-01	3.601976e-01	
1.078137e-01	1.583763e-01	3.608696e-01	3.729404e-01	
1.935765e-01	1.530086e-01	2.391246e-01	4.142903e-01	
1.765402e-01	2.512377e-01	2.824568e-01	2.897653e-01	
2.292026e-01	2.041516e-01	2.903275e-01	2.763183e-01	
1.576267e-01	2.170163e-01	3.932571e-01	2.320999e-01	
2.003421e-01	1.014898e-01	3.402664e-01	3.579017e-01	
1.523885e-01	1.221768e-01	3.685116e-01	3.569231e-01	
1.425805e-01	1.239813e-01	3.625477e-01	3.708905e-01	
1.331705e-01	1.338995e-01	3.670142e-01	3.659158e-01	
1.238451e-01	1.433140e-01	3.704433e-01	3.623976e-01	
1.202450e-01	1.537640e-01	3.583833e-01	3.676077e-01	
1.125305e-01	1.902027e-01	3.440782e-01	3.531886e-01	
1.986869e-01	1.747866e-01	2.440838e-01	3.824427e-01	
2.063549e-01	2.285556e-01	2.736640e-01	2.914255e-01	
2.504651e-01	1.786216e-01	2.927026e-01	2.782107e-01	
1.756342e-01	1.705367e-01	3.990122e-01	2.548169e-01	
1.453796e-01	1.263021e-01	3.896915e-01	3.386268e-01	
1.457775e-01	1.186500e-01	3.591972e-01	3.763753e-01	
1.385423e-01	1.300806e-01	3.625979e-01	3.687792e-01	
1.266795e-01	1.355787e-01	3.701134e-01	3.676284e-01	
1.239611e-01	1.420157e-01	3.574111e-01	3.766121e-01	
1.295137e-01	1.899555e-01	3.258200e-01	3.547108e-01	
2.353934e-01	2.325549e-01	1.957172e-01	3.363345e-01	
2.604179e-01	2.842642e-01	2.354291e-01	2.198888e-01	
2.774163e-01	1.842479e-01	2.895993e-01	2.487365e-01	
1.948785e-01	1.512483e-01	3.797790e-01	2.740942e-01	
1.949213e-01	9.743850e-02	3.235486e-01	3.840916e-01	
1.531374e-01	1.172266e-01	3.396299e-01	3.900061e-01	
1.414093e-01	1.256727e-01	3.546276e-01	3.782904e-01	
1.314009e-01	1.347484e-01	3.748185e-01	3.590322e-01	
1.229692e-01	1.446830e-01	3.897158e-01	3.426320e-01	
1.156041e-01	1.714663e-01	3.818295e-01	3.311001e-01	
1.389143e-01	2.090733e-01	3.024321e-01	3.495803e-01	
1.823523e-01	2.540704e-01	2.721405e-01	2.914368e-01	
2.235222e-01	2.326206e-01	2.868777e-01	2.569795e-01	
2.192512e-01	1.719229e-01	3.318740e-01	2.769519e-01	
1.712783e-01	1.441914e-01	3.441451e-01	3.403852e-01	
1.422789e-01	1.293064e-01	3.549657e-01	3.734490e-01	
1.361246e-01	1.327888e-01	3.541307e-01	3.769559e-01	
1.326131e-01	1.437142e-01	3.643894e-01	3.592833e-01	
1.239720e-01	1.496378e-01	3.782490e-01	3.481412e-01	
1.258568e-01	1.589363e-01	3.588617e-01	3.563452e-01	
1.254612e-01	2.053789e-01	3.398686e-01	3.292913e-01	
1.662356e-01	1.828382e-01	2.961183e-01	3.548079e-01	
2.367306e-01	1.488409e-01	2.548645e-01	3.595640e-01	
3.099807e-01	1.407429e-01	2.347532e-01	3.145232e-01	
2.201562e-01	1.434077e-01	3.731047e-01	2.633314e-01	
1.366333e-01	1.266438e-01	4.325174e-01	3.042055e-01	
1.527301e-01	1.050775e-01	3.703512e-01	3.718412e-01	
1.340212e-01	1.204439e-01	3.758597e-01	3.696752e-01	
1.213916e-01	1.274912e-01	3.826133e-01	3.685039e-01	
9.746220e-02	1.532549e-01	3.624759e-01	3.868070e-01	
1.560527e-01	1.579653e-01	2.428880e-01	4.430940e-01	
1.656511e-01	2.537683e-01	2.720436e-01	3.085370e-01	
2.065064e-01	2.213227e-01	3.055280e-01	2.666429e-01	
2.040003e-01	1.550782e-01	3.618521e-01	2.790694e-01	
1.577815e-01	1.404988e-01	4.081387e-01	2.935810e-01	
1.705227e-01	1.001570e-01	3.456236e-01	3.836967e-01	
1.470155e-01	1.141715e-01	3.468254e-01	3.919876e-01	
1.359294e-01	1.250497e-01	3.629188e-01	3.761021e-01	
1.239540e-01	1.337015e-01	3.791526e-01	3.631919e-01	
1.171819e-01	1.464444e-01	3.748151e-01	3.615586e-01	
1.202290e-01	1.689174e-01	3.524006e-01	3.584530e-01	
1.537327e-01	1.651954e-01	3.206190e-01	3.604529e-01	
1.752057e-01	2.051272e-01	2.881862e-01	3.314809e-01	
1.907665e-01	2.318610e-01	3.054937e-01	2.718788e-01	
1.834025e-01	2.193613e-01	3.393327e-01	2.579035e-01	
2.056060e-01	1.467099e-01	3.198861e-01	3.277980e-01	
1.702661e-01	1.364186e-01	3.517291e-01	3.415862e-01	
1.588266e-01	1.276494e-01	3.473398e-01	3.661842e-01	
1.533728e-01	1.325995e-01	3.479755e-01	3.660522e-01	
1.447875e-01	1.380682e-01	3.593806e-01	3.577637e-01	
1.378091e-01	1.423657e-01	3.653569e-01	3.544683e-01	
1.393070e-01	1.518101e-01	3.598271e-01	3.490558e-01	
1.505436e-01	1.727871e-01	3.383276e-01	3.383417e-01	
1.767735e-01	1.975124e-01	2.881665e-01	3.375476e-01	
1.890369e-01	2.132655e-01	3.016987e-01	2.959989e-01	
2.016473e-01	1.840117e-01	3.133571e-01	3.009839e-01	
1.724042e-01	1.771804e-01	3.530298e-01	2.973856e-01	
1.487371e-01	1.554184e-01	3.519440e-01	3.439005e-01	
1.424600e-01	1.459588e-01	3.694271e-01	3.421541e-01	
3.008114e-01	1.119466e-01	2.266332e-01	3.606088e-01	
