1.807860e-02	2.494835e-02	4.310835e-02	2.544885e-02	3.997775e-02	4.714635e-02	8.929335e-02	1.243530e-01	6.253475e-02	3.339800e-02	1.197351e-01	1.454802e-01	2.895940e-02	3.658055e-02	8.367625e-02	7.728120e-02	
2.005210e-02	3.952785e-02	6.004715e-02	2.992340e-02	1.615015e-02	2.733220e-02	4.532960e-02	5.326130e-02	5.087300e-02	3.876310e-02	1.216153e-01	1.245616e-01	4.030465e-02	7.271195e-02	1.459977e-01	1.135489e-01	
3.437780e-02	3.075735e-02	3.905065e-02	2.319410e-02	3.041100e-02	3.665190e-02	4.009050e-02	7.118170e-02	1.175307e-01	3.817425e-02	6.075625e-02	1.565285e-01	6.109820e-02	5.651410e-02	1.000841e-01	1.035989e-01	
5.926415e-02	8.930960e-02	7.138575e-02	2.345820e-02	2.680055e-02	4.725855e-02	4.221910e-02	4.581940e-02	7.856730e-02	3.412095e-02	4.153820e-02	8.575510e-02	5.517290e-02	9.231255e-02	1.133515e-01	9.366625e-02	
7.475730e-02	7.704315e-02	4.904110e-02	1.896335e-02	6.776695e-02	7.045070e-02	5.020375e-02	7.458025e-02	1.075264e-01	2.196895e-02	3.555520e-02	1.034440e-01	5.884930e-02	6.306550e-02	7.624015e-02	5.054400e-02	
9.358285e-02	9.660950e-02	8.890090e-02	2.980665e-02	5.101960e-02	6.837625e-02	5.203455e-02	6.109790e-02	6.093355e-02	1.642890e-02	5.580535e-02	7.787240e-02	5.553910e-02	6.476960e-02	8.666970e-02	4.055320e-02	
9.297830e-02	4.119665e-02	7.676830e-02	5.013185e-02	5.213060e-02	3.826050e-02	5.332485e-02	1.024683e-01	6.376885e-02	1.333495e-02	7.508220e-02	1.312245e-01	5.015375e-02	3.456470e-02	7.680195e-02	4.780975e-02	
4.753700e-02	3.958210e-02	9.673270e-02	7.517970e-02	1.992075e-02	1.443315e-02	3.326720e-02	5.973570e-02	3.980965e-02	1.807860e-02	1.136101e-01	1.104790e-01	5.258780e-02	4.946680e-02	1.281830e-01	1.013968e-01	
1.760595e-02	2.833085e-02	6.034510e-02	5.357330e-02	1.545860e-02	1.061425e-02	3.238970e-02	6.309810e-02	4.657260e-02	2.706835e-02	1.527380e-01	1.454139e-01	4.661315e-02	4.564445e-02	1.353856e-01	1.191480e-01	
1.063980e-02	3.017905e-02	4.870910e-02	3.672235e-02	1.396705e-02	1.050915e-02	3.504615e-02	5.213555e-02	4.604930e-02	3.508390e-02	1.550090e-01	1.447162e-01	4.488875e-02	5.287745e-02	1.449345e-01	1.385326e-01	
8.369500e-03	3.490735e-02	4.731675e-02	2.495130e-02	1.298790e-02	1.407595e-02	5.043680e-02	5.114890e-02	4.323490e-02	4.632800e-02	1.536288e-01	1.405071e-01	3.772150e-02	5.952480e-02	1.457491e-01	1.291114e-01	
7.370700e-03	3.126975e-02	4.462780e-02	1.904555e-02	1.005790e-02	2.063330e-02	6.824580e-02	5.589910e-02	4.578825e-02	6.221570e-02	1.393057e-01	1.498218e-01	2.749555e-02	6.029505e-02	1.400018e-01	1.179263e-01	
8.942050e-03	3.247540e-02	3.412960e-02	1.516535e-02	1.016820e-02	4.184945e-02	6.651440e-02	5.588175e-02	6.641660e-02	8.355685e-02	8.220415e-02	1.600034e-01	2.634195e-02	7.803760e-02	1.200213e-01	1.182919e-01	
1.587725e-02	4.357315e-02	4.305370e-02	9.364700e-03	1.675025e-02	1.034227e-01	7.606040e-02	3.968590e-02	6.808855e-02	6.445800e-02	5.747670e-02	1.128462e-01	2.879000e-02	9.971925e-02	1.356266e-01	8.520660e-02	
5.682840e-02	3.702255e-02	2.798415e-02	7.670950e-03	7.831135e-02	1.005353e-01	5.221110e-02	8.011545e-02	1.437653e-01	1.819170e-02	2.207590e-02	1.281845e-01	6.255545e-02	4.364405e-02	7.819690e-02	6.270700e-02	
1.365311e-01	1.297128e-01	5.170370e-02	2.351285e-02	8.208815e-02	3.075905e-02	2.778570e-02	5.876065e-02	9.363600e-02	7.908250e-03	1.713470e-02	6.178910e-02	6.303425e-02	4.917250e-02	7.363880e-02	9.283230e-02	
1.108720e-01	1.547747e-01	7.872395e-02	3.091880e-02	7.412995e-02	5.002905e-02	4.104465e-02	5.234900e-02	7.011435e-02	7.879150e-03	3.792595e-02	5.434345e-02	5.917275e-02	5.238865e-02	8.525120e-02	4.008230e-02	
1.119547e-01	6.778565e-02	9.920745e-02	3.534135e-02	5.700360e-02	5.147575e-02	7.539480e-02	8.119745e-02	5.350215e-02	9.008400e-03	8.072675e-02	9.970845e-02	4.403535e-02	3.213915e-02	7.429355e-02	2.722550e-02	
7.836520e-02	2.571315e-02	9.948315e-02	6.293425e-02	2.389885e-02	1.329700e-02	4.563325e-02	7.757985e-02	5.039475e-02	9.467050e-03	1.209356e-01	1.488251e-01	6.003165e-02	2.598880e-02	1.080263e-01	4.942600e-02	
2.309625e-02	2.154985e-02	7.737715e-02	9.066720e-02	8.411650e-03	3.933500e-03	2.009270e-02	4.202815e-02	4.778120e-02	1.350625e-02	1.464432e-01	1.663477e-01	5.140815e-02	2.994425e-02	1.414595e-01	1.159533e-01	
7.341650e-03	2.205355e-02	4.797900e-02	5.332305e-02	1.055740e-02	3.722550e-03	1.882620e-02	3.582770e-02	4.331355e-02	1.968685e-02	1.629920e-01	1.593802e-01	3.710380e-02	3.567795e-02	1.603301e-01	1.818845e-01	
4.461300e-03	2.917625e-02	3.919870e-02	2.548015e-02	1.557335e-02	4.880900e-03	2.526600e-02	3.542065e-02	3.629460e-02	2.788295e-02	1.822631e-01	1.436866e-01	3.026085e-02	4.296070e-02	1.755704e-01	1.816234e-01	
3.248550e-03	3.264265e-02	3.668530e-02	1.401360e-02	1.202135e-02	8.516650e-03	4.294195e-02	4.142085e-02	2.659540e-02	4.850315e-02	2.016670e-01	1.455327e-01	2.247690e-02	5.200065e-02	1.692674e-01	1.424660e-01	
2.226100e-03	2.092185e-02	3.127655e-02	9.917700e-03	4.356200e-03	1.932540e-02	7.079710e-02	4.718440e-02	2.139540e-02	9.591810e-02	1.729721e-01	1.602760e-01	1.199815e-02	6.161115e-02	1.541194e-01	1.157044e-01	
5.624750e-03	1.070160e-02	1.561880e-02	8.030700e-03	1.315235e-02	3.680875e-02	6.641930e-02	8.139610e-02	8.836245e-02	5.644270e-02	3.924025e-02	2.451197e-01	2.622065e-02	4.810565e-02	1.083970e-01	1.503592e-01	
2.914245e-02	6.735790e-02	2.664760e-02	1.021225e-02	2.009595e-02	6.519700e-02	3.869490e-02	2.807085e-02	5.772595e-02	4.260045e-02	1.903685e-02	1.103121e-01	6.047175e-02	1.320833e-01	1.227652e-01	1.695855e-01	
8.061670e-02	6.782905e-02	1.479070e-02	4.199650e-03	1.090908e-01	1.303709e-01	4.122220e-02	2.655485e-02	8.374060e-02	1.377390e-02	1.126170e-02	9.836835e-02	1.054704e-01	7.495655e-02	7.727680e-02	6.047690e-02	
2.475523e-01	6.941670e-02	5.184000e-02	1.010950e-02	1.317752e-01	6.680630e-02	5.831495e-02	3.003390e-02	3.804255e-02	2.878350e-03	1.947230e-02	8.415820e-02	7.653985e-02	2.249160e-02	6.711145e-02	2.345685e-02	
1.129344e-01	9.059015e-02	2.590302e-01	3.135525e-02	2.016185e-02	3.135715e-02	8.763580e-02	2.243815e-02	1.296870e-02	4.814500e-03	1.251983e-01	5.375720e-02	2.500930e-02	2.114975e-02	9.129850e-02	1.030090e-02	
2.643055e-02	1.198960e-02	8.293860e-02	4.971545e-02	1.860200e-02	6.426750e-03	4.950980e-02	7.337300e-02	5.552480e-02	1.129205e-02	2.754920e-01	2.208539e-01	1.916300e-02	8.402550e-03	7.348375e-02	1.680220e-02	
5.833600e-03	1.700455e-02	4.848290e-02	4.839930e-02	5.695350e-03	1.889100e-03	1.219745e-02	1.832905e-02	4.877115e-02	2.194490e-02	2.187302e-01	1.919779e-01	2.300065e-02	2.668125e-02	1.484203e-01	1.626423e-01	
3.134750e-03	2.138160e-02	3.580625e-02	2.297815e-02	1.228485e-02	3.107300e-03	2.032890e-02	3.179875e-02	3.523335e-02	2.660085e-02	1.978362e-01	1.681604e-01	1.979110e-02	3.798960e-02	1.718822e-01	1.916857e-01	
1.739050e-03	2.241610e-02	3.171970e-02	1.456920e-02	6.542900e-03	6.340000e-03	3.115005e-02	4.504640e-02	1.799595e-02	4.662330e-02	1.817533e-01	1.794811e-01	1.410685e-02	5.500185e-02	1.713335e-01	1.741808e-01	
2.819300e-03	7.923050e-03	1.359370e-02	1.604870e-02	5.958900e-03	9.017950e-03	3.337990e-02	8.202450e-02	2.989590e-02	3.559460e-02	6.110780e-02	2.893582e-01	2.288400e-02	4.307260e-02	9.728760e-02	2.500333e-01	
1.040595e-02	2.941280e-02	1.113730e-02	1.060205e-02	1.073190e-02	3.578325e-02	1.606900e-02	3.302405e-02	4.210295e-02	4.483705e-02	9.157000e-03	1.092720e-01	7.606030e-02	2.017684e-01	7.434055e-02	2.852955e-01	
1.194010e-02	9.829260e-02	2.798655e-02	1.081850e-03	1.422600e-02	2.388078e-01	4.294955e-02	1.581820e-02	8.861950e-03	4.769870e-02	2.404630e-02	3.009690e-02	3.712705e-02	2.985913e-01	7.341220e-02	2.906295e-02	
7.403200e-03	4.527675e-02	1.882660e-02	6.485500e-04	8.707100e-02	4.095482e-01	1.063951e-01	8.037610e-02	1.385110e-02	1.688515e-02	7.673340e-02	6.092495e-02	7.600400e-03	2.222375e-02	4.325415e-02	2.981600e-03	
2.206300e-02	6.144615e-02	2.789250e-02	4.524050e-03	8.574480e-02	1.349627e-01	6.671660e-02	2.065097e-01	4.642325e-02	8.622400e-03	1.123671e-01	7.779645e-02	2.987440e-02	2.485115e-02	8.050115e-02	9.704500e-03	
9.140900e-02	2.746520e-02	4.132035e-02	2.391090e-02	3.580790e-02	1.785430e-02	3.294370e-02	1.432765e-01	8.983550e-02	4.132700e-03	6.127105e-02	1.322381e-01	9.438655e-02	3.047630e-02	1.413778e-01	3.229405e-02	
8.525420e-02	3.466630e-02	9.871630e-02	9.280215e-02	6.162350e-03	6.651000e-03	1.618365e-02	5.093150e-02	3.234625e-02	8.444850e-03	9.649365e-02	1.396282e-01	7.931970e-02	3.753695e-02	1.553449e-01	5.951810e-02	
2.528750e-02	2.753375e-02	6.479925e-02	8.546200e-02	5.806950e-03	5.850250e-03	2.171275e-02	5.392915e-02	4.724725e-02	1.514705e-02	1.250504e-01	1.792938e-01	6.963265e-02	3.427305e-02	1.367805e-01	1.021937e-01	
1.312975e-02	3.165070e-02	5.326245e-02	4.993145e-02	7.871800e-03	6.306050e-03	3.052520e-02	3.810105e-02	4.474625e-02	2.015870e-02	1.311087e-01	1.523292e-01	6.252685e-02	4.433470e-02	1.584544e-01	1.555626e-01	
9.161500e-03	3.144650e-02	5.347685e-02	3.418980e-02	9.552150e-03	7.865800e-03	4.630400e-02	3.872820e-02	4.195005e-02	2.965760e-02	1.511231e-01	1.506201e-01	3.844470e-02	4.260655e-02	1.609774e-01	1.538957e-01	
7.291600e-03	2.385385e-02	4.372695e-02	2.423600e-02	8.863750e-03	1.182580e-02	5.157635e-02	3.931055e-02	5.238160e-02	5.216120e-02	1.392038e-01	1.681347e-01	2.679445e-02	4.714400e-02	1.534821e-01	1.500132e-01	
9.097600e-03	3.102405e-02	4.166510e-02	1.354465e-02	1.059535e-02	4.163095e-02	5.425900e-02	2.849955e-02	6.040265e-02	9.849420e-02	9.609945e-02	1.329929e-01	2.598890e-02	9.053970e-02	1.476376e-01	1.175283e-01	
3.997120e-02	3.872975e-02	2.051440e-02	6.869150e-03	5.290485e-02	1.268568e-01	3.911035e-02	4.281685e-02	1.407617e-01	4.663475e-02	1.862820e-02	1.336364e-01	6.456825e-02	8.382575e-02	6.806245e-02	7.610900e-02	
1.534406e-01	1.083538e-01	3.017125e-02	6.240400e-03	9.911815e-02	1.309681e-01	3.779975e-02	2.816115e-02	6.756825e-02	1.059575e-02	9.305100e-03	5.884630e-02	8.304205e-02	7.098435e-02	5.915575e-02	4.624930e-02	
2.546697e-01	8.749720e-02	4.702135e-02	1.398080e-02	1.443909e-01	7.805650e-02	4.337940e-02	5.507515e-02	4.545570e-02	3.196450e-03	1.413095e-02	7.364875e-02	5.841985e-02	2.047410e-02	4.475230e-02	1.585090e-02	
1.735711e-01	1.118857e-01	1.696443e-01	4.783505e-02	3.850490e-02	4.499975e-02	5.694825e-02	4.877135e-02	2.593665e-02	4.896300e-03	5.921350e-02	5.923755e-02	4.379670e-02	2.869730e-02	7.129675e-02	1.476485e-02	
8.116090e-02	1.989835e-02	7.929770e-02	1.014524e-01	3.379200e-02	9.842050e-03	3.681955e-02	1.100254e-01	8.020255e-02	7.157450e-03	9.173375e-02	1.780091e-01	4.894385e-02	1.484010e-02	6.622560e-02	4.059925e-02	
1.739125e-02	2.949515e-02	8.009445e-02	1.171184e-01	9.643450e-03	2.611300e-03	1.203695e-02	2.744625e-02	4.920585e-02	1.307395e-02	1.088134e-01	1.029834e-01	3.844945e-02	3.884115e-02	1.361722e-01	2.166233e-01	
4.578950e-03	2.480205e-02	4.431205e-02	4.099695e-02	1.943315e-02	3.548100e-03	1.780590e-02	4.323440e-02	5.138515e-02	2.159820e-02	1.574698e-01	1.066638e-01	2.560535e-02	4.414555e-02	1.651109e-01	2.293097e-01	
3.373900e-03	2.972670e-02	4.339735e-02	2.450465e-02	2.164535e-02	4.136250e-03	2.117125e-02	4.714105e-02	4.280365e-02	3.389740e-02	2.017510e-01	1.062466e-01	1.887665e-02	4.627265e-02	1.729101e-01	1.821455e-01	
3.016450e-03	2.954100e-02	4.046575e-02	1.367635e-02	1.770890e-02	7.068350e-03	3.526240e-02	5.399335e-02	3.367025e-02	5.548785e-02	2.305339e-01	1.195376e-01	1.756125e-02	5.177685e-02	1.603003e-01	1.303995e-01	
1.710000e-03	2.656570e-02	3.618030e-02	7.500850e-03	5.369900e-03	2.619455e-02	6.289350e-02	4.941610e-02	1.741245e-02	1.303016e-01	2.078280e-01	1.110203e-01	9.301300e-03	8.315480e-02	1.442364e-01	8.091430e-02	
8.660700e-03	1.303595e-02	8.552250e-03	3.544750e-03	2.655920e-02	9.268840e-02	5.671425e-02	9.025480e-02	1.598048e-01	8.843990e-02	2.086595e-02	1.820276e-01	4.031900e-02	6.615570e-02	6.261570e-02	7.976110e-02	
5.610810e-02	1.642059e-01	1.297170e-02	2.058000e-03	3.084880e-02	1.948827e-01	2.226110e-02	1.232735e-02	5.720845e-02	4.738975e-02	5.325150e-03	3.882480e-02	5.718185e-02	1.919848e-01	5.373595e-02	5.268560e-02	
1.052119e-01	9.213685e-02	3.483150e-03	5.153000e-04	2.534284e-01	3.141968e-01	1.887255e-02	1.196540e-02	5.114080e-02	4.375750e-03	2.211300e-03	3.656605e-02	4.525105e-02	3.078795e-02	2.106195e-02	8.794800e-03	
2.377290e-01	1.636328e-01	5.060940e-02	3.060900e-03	1.364606e-01	2.100040e-01	7.296950e-02	2.206320e-02	8.841200e-03	8.562000e-04	1.473235e-02	2.119920e-02	1.861995e-02	9.852950e-03	2.731950e-02	2.049150e-03	
1.855923e-01	5.426035e-02	1.304524e-01	3.134570e-02	6.294045e-02	6.317395e-02	1.243823e-01	1.338493e-01	1.624670e-02	2.488900e-03	6.443955e-02	8.245560e-02	1.268415e-02	5.531650e-03	2.778045e-02	2.376200e-03	
4.338645e-02	2.968145e-02	1.168809e-01	8.751475e-02	1.037560e-02	8.502750e-03	3.680150e-02	6.977500e-02	2.887625e-02	1.097025e-02	1.490245e-01	1.581838e-01	4.284370e-02	2.555515e-02	1.326244e-01	4.900355e-02	
9.466900e-03	1.838095e-02	4.902070e-02	4.861345e-02	5.821600e-03	4.312750e-03	2.356410e-02	4.101115e-02	4.252270e-02	2.130550e-02	1.774007e-01	1.941024e-01	4.901255e-02	3.571015e-02	1.660133e-01	1.137411e-01	
6.171250e-03	2.586660e-02	4.237425e-02	3.241165e-02	7.148300e-03	5.653500e-03	3.033985e-02	3.656770e-02	3.919800e-02	3.028970e-02	1.690711e-01	1.774400e-01	3.991480e-02	4.444510e-02	1.618546e-01	1.512535e-01	
4.220700e-03	2.606770e-02	3.924080e-02	2.290315e-02	5.833100e-03	8.707850e-03	4.703085e-02	4.468310e-02	3.262750e-02	4.404405e-02	1.458432e-01	1.811252e-01	2.704985e-02	5.024560e-02	1.596796e-01	1.606979e-01	
3.654350e-03	1.449860e-02	3.496535e-02	1.661285e-02	4.052200e-03	1.379665e-02	6.478395e-02	4.643240e-02	3.427815e-02	4.995690e-02	1.058704e-01	2.016890e-01	1.788770e-02	4.672800e-02	1.747254e-01	1.700682e-01	
2.015315e-02	1.637395e-02	1.330490e-02	1.004040e-02	2.247835e-02	3.183270e-02	2.627700e-02	4.439210e-02	1.304183e-01	3.021275e-02	1.122655e-02	2.084875e-01	8.149575e-02	6.513790e-02	8.511275e-02	2.030560e-01	
6.015600e-02	1.507083e-01	3.592725e-02	7.753900e-03	2.425695e-02	7.960350e-02	2.329930e-02	1.639755e-02	3.330535e-02	2.996425e-02	1.481695e-02	5.783465e-02	8.430855e-02	1.831860e-01	1.019541e-01	9.652735e-02	
8.349200e-02	9.016145e-02	2.318175e-02	5.191650e-03	1.611787e-01	1.660061e-01	6.211510e-02	5.416225e-02	5.494695e-02	1.154170e-02	2.243015e-02	8.707880e-02	5.518775e-02	3.946125e-02	6.210685e-02	2.175760e-02	
7.289060e-02	1.653883e-01	1.025353e-01	1.399110e-02	4.617250e-02	1.226915e-01	9.292365e-02	4.538280e-02	2.241345e-02	9.198000e-03	7.914045e-02	5.908195e-02	2.721105e-02	4.055575e-02	8.835965e-02	1.206385e-02	
8.007845e-02	1.474630e-02	5.251170e-02	2.135115e-02	5.902980e-02	2.421940e-02	8.508170e-02	1.695027e-01	6.948110e-02	4.390150e-03	1.020018e-01	1.870861e-01	4.359840e-02	9.521800e-03	6.776950e-02	9.630000e-03	
4.162820e-02	2.533910e-02	1.019020e-01	8.331850e-02	5.417000e-03	3.414700e-03	1.594780e-02	2.809815e-02	3.933825e-02	1.054775e-02	1.253987e-01	1.320800e-01	7.124810e-02	3.736450e-02	1.775429e-01	1.014145e-01	
1.299760e-02	2.262285e-02	6.215520e-02	5.985590e-02	8.911000e-03	4.420900e-03	2.456445e-02	3.876970e-02	5.229355e-02	2.005085e-02	1.705138e-01	1.779331e-01	4.584945e-02	3.226845e-02	1.438232e-01	1.229700e-01	
7.195900e-03	2.525635e-02	4.895480e-02	3.864455e-02	1.113700e-02	5.003400e-03	2.695940e-02	3.626325e-02	4.275130e-02	2.668685e-02	1.700246e-01	1.615939e-01	3.512575e-02	4.130250e-02	1.578020e-01	1.652985e-01	
4.846150e-03	2.528985e-02	4.060695e-02	2.546700e-02	1.092535e-02	7.537750e-03	3.626665e-02	4.351935e-02	3.567775e-02	4.042370e-02	1.655151e-01	1.621242e-01	2.648015e-02	5.013650e-02	1.575787e-01	1.676047e-01	
4.074600e-03	2.222895e-02	3.262260e-02	1.900325e-02	8.022700e-03	1.373225e-02	4.840415e-02	5.322870e-02	3.632950e-02	6.094650e-02	1.240524e-01	1.786391e-01	2.305030e-02	6.257715e-02	1.467129e-01	1.663749e-01	
4.737000e-03	2.317710e-02	3.176105e-02	1.180195e-02	7.334250e-03	4.027305e-02	6.532050e-02	4.655705e-02	3.947260e-02	7.511990e-02	8.237855e-02	1.548210e-01	2.195875e-02	9.463010e-02	1.557612e-01	1.448959e-01	
2.569495e-02	2.708255e-02	1.440805e-02	6.317050e-03	4.480375e-02	8.985895e-02	4.155865e-02	5.697880e-02	1.263257e-01	3.171335e-02	1.342230e-02	1.637599e-01	7.608865e-02	8.159945e-02	7.980585e-02	1.205819e-01	
1.031225e-01	1.305649e-01	3.235885e-02	6.866850e-03	6.190915e-02	1.061650e-01	3.569990e-02	2.648020e-02	5.224280e-02	1.523100e-02	1.243290e-02	6.928815e-02	9.285175e-02	1.006395e-01	8.528365e-02	6.886280e-02	
1.723097e-01	8.730515e-02	4.020230e-02	1.030910e-02	1.568458e-01	8.608660e-02	5.694575e-02	5.272230e-02	5.229165e-02	4.586250e-03	2.022970e-02	8.866770e-02	6.444170e-02	2.326350e-02	6.350010e-02	2.029270e-02	
1.324368e-01	1.033585e-01	1.760959e-01	3.399765e-02	3.680825e-02	4.352135e-02	8.054395e-02	4.036795e-02	2.234290e-02	5.084250e-03	8.288475e-02	7.056595e-02	3.550630e-02	2.481410e-02	9.592925e-02	1.574215e-02	
3.176515e-02	3.893670e-02	1.121630e-01	4.422940e-02	1.378685e-02	2.090375e-02	6.498870e-02	7.709890e-02	3.272855e-02	1.599350e-02	2.296416e-01	1.570902e-01	2.120500e-02	2.289910e-02	1.007164e-01	1.585315e-02	
1.106205e-02	1.140180e-02	3.749095e-02	3.953075e-02	6.261850e-03	5.840950e-03	2.889700e-02	5.773325e-02	5.407770e-02	1.846285e-02	1.979073e-01	2.370619e-01	5.273365e-02	2.648105e-02	1.384638e-01	7.659310e-02	
8.464050e-03	2.445070e-02	4.793795e-02	4.328255e-02	4.871500e-03	3.586750e-03	2.417820e-02	2.955020e-02	4.401170e-02	2.170765e-02	1.580748e-01	1.789650e-01	4.891820e-02	4.031770e-02	1.685317e-01	1.531515e-01	
5.583750e-03	2.533045e-02	4.445295e-02	3.089830e-02	6.821750e-03	5.771900e-03	3.896755e-02	3.850160e-02	3.665005e-02	3.164775e-02	1.522629e-01	1.781619e-01	3.017475e-02	4.100995e-02	1.628265e-01	1.709380e-01	
4.069050e-03	1.742315e-02	3.638310e-02	2.135500e-02	5.419600e-03	8.702750e-03	4.848695e-02	4.115075e-02	3.994420e-02	4.690955e-02	1.172579e-01	1.943982e-01	2.254285e-02	4.639030e-02	1.707993e-01	1.787672e-01	
8.999800e-03	2.752745e-02	2.390995e-02	1.153850e-02	1.088785e-02	3.896355e-02	3.971265e-02	2.986170e-02	7.637760e-02	8.231425e-02	4.524180e-02	1.689936e-01	3.984575e-02	1.099428e-01	1.265280e-01	1.593548e-01	
6.233705e-02	6.463035e-02	6.192450e-03	2.951150e-03	5.359030e-02	1.789286e-01	1.163250e-02	1.459655e-02	1.199233e-01	3.522055e-02	2.556900e-03	7.769155e-02	1.207989e-01	1.504868e-01	2.853850e-02	6.992450e-02	
1.995159e-01	1.472731e-01	9.109950e-03	7.505500e-04	1.400968e-01	2.610836e-01	1.954430e-02	8.541600e-03	2.178285e-02	3.028950e-03	1.992700e-03	2.211585e-02	7.427270e-02	5.083095e-02	2.668550e-02	1.337460e-02	
3.162389e-01	8.602775e-02	2.936695e-02	4.034750e-03	2.560503e-01	1.079417e-01	4.665150e-02	5.157315e-02	1.177125e-02	4.543000e-04	8.197600e-03	3.690930e-02	1.939565e-02	3.418000e-03	1.998860e-02	1.980350e-03	
2.624576e-01	1.146178e-01	1.754102e-01	5.097040e-02	3.834890e-02	4.066015e-02	5.295880e-02	6.587390e-02	1.457030e-02	1.418750e-03	4.508895e-02	4.312665e-02	2.855020e-02	9.456400e-03	5.102295e-02	5.468000e-03	
9.107245e-02	2.790385e-02	1.063975e-01	1.185533e-01	1.844820e-02	8.924900e-03	3.485340e-02	1.039266e-01	7.286525e-02	5.225050e-03	9.141310e-02	1.549775e-01	4.846840e-02	1.376710e-02	7.536780e-02	2.783565e-02	
2.215845e-02	2.220970e-02	7.380710e-02	1.126791e-01	8.390800e-03	2.792550e-03	1.580360e-02	2.883395e-02	5.770430e-02	8.891600e-03	1.020314e-01	1.394045e-01	5.865455e-02	3.089360e-02	1.360798e-01	1.796651e-01	
7.119000e-03	2.848035e-02	5.329755e-02	5.801120e-02	1.545565e-02	2.677150e-03	1.633670e-02	3.031795e-02	5.141305e-02	1.380040e-02	1.371353e-01	1.253731e-01	3.337805e-02	3.817430e-02	1.620383e-01	2.269919e-01	
3.872250e-03	2.690830e-02	4.374990e-02	3.283530e-02	2.050875e-02	3.186000e-03	1.828315e-02	4.115430e-02	4.492930e-02	2.449010e-02	1.873628e-01	1.120257e-01	2.045310e-02	4.089270e-02	1.742897e-01	2.050587e-01	
3.010250e-03	2.487715e-02	4.087905e-02	2.099695e-02	1.657860e-02	5.051150e-03	2.462940e-02	4.921795e-02	3.759180e-02	4.674945e-02	2.258371e-01	1.135072e-01	1.603990e-02	4.769300e-02	1.646966e-01	1.626444e-01	
4.874950e-03	2.066640e-02	3.260425e-02	1.507495e-02	1.726660e-02	1.321470e-02	3.640470e-02	5.748475e-02	5.139585e-02	8.848510e-02	1.843832e-01	1.317780e-01	2.360090e-02	6.133945e-02	1.262061e-01	1.352201e-01	
7.956400e-03	5.375730e-02	2.532405e-02	1.010055e-02	1.800735e-02	7.203755e-02	3.554055e-02	5.812020e-02	5.797355e-02	1.450597e-01	5.680405e-02	1.197610e-01	2.415700e-02	1.390137e-01	7.789680e-02	9.849025e-02	
2.639185e-02	6.201510e-02	1.695860e-02	2.728750e-03	5.071010e-02	2.674842e-01	6.086740e-02	3.080655e-02	5.692380e-02	5.235610e-02	1.471895e-02	7.156660e-02	4.617455e-02	1.377034e-01	5.883525e-02	4.375880e-02	
8.230445e-02	7.457050e-02	2.071665e-02	2.608700e-03	1.496555e-01	2.596033e-01	6.678120e-02	4.351880e-02	5.338730e-02	1.100390e-02	1.406025e-02	7.292875e-02	4.847770e-02	4.394090e-02	4.440655e-02	1.203555e-02	
1.999922e-01	6.253590e-02	5.991660e-02	1.138025e-02	1.381780e-01	9.668245e-02	7.566560e-02	7.859250e-02	3.389805e-02	3.687050e-03	3.506595e-02	7.331360e-02	5.207275e-02	1.829230e-02	5.127975e-02	9.447000e-03	
1.054665e-01	9.800530e-02	1.492470e-01	7.142230e-02	2.738640e-02	3.375130e-02	4.594440e-02	7.411560e-02	2.843790e-02	1.185155e-02	9.563390e-02	8.600455e-02	2.872650e-02	3.568155e-02	7.962970e-02	2.869560e-02	
3.064740e-02	2.195465e-02	6.578420e-02	7.163100e-02	1.689715e-02	1.508180e-02	4.323885e-02	1.040719e-01	3.541315e-02	1.610375e-02	1.470346e-01	1.719035e-01	4.389485e-02	3.080390e-02	1.171371e-01	6.840215e-02	
1.121095e-02	2.112560e-02	4.329510e-02	5.122090e-02	7.347050e-03	6.066200e-03	2.349365e-02	4.703720e-02	3.763855e-02	2.229460e-02	1.460645e-01	1.671971e-01	5.422015e-02	4.563810e-02	1.659265e-01	1.502238e-01	
7.597750e-03	3.040850e-02	4.191565e-02	3.049480e-02	8.990250e-03	8.455650e-03	3.690190e-02	4.077670e-02	3.823160e-02	3.315375e-02	1.553295e-01	1.520649e-01	4.613185e-02	5.195635e-02	1.628622e-01	1.547286e-01	
6.009900e-03	3.109340e-02	4.339840e-02	2.044975e-02	7.530900e-03	1.231525e-02	6.053350e-02	4.359460e-02	3.737850e-02	4.972870e-02	1.566045e-01	1.532976e-01	3.009060e-02	5.255650e-02	1.601681e-01	1.352499e-01	
5.078950e-03	2.463380e-02	3.679235e-02	1.450480e-02	5.025500e-03	2.274070e-02	7.266175e-02	4.526590e-02	4.996125e-02	8.025425e-02	1.124693e-01	1.780197e-01	1.986105e-02	5.913980e-02	1.493977e-01	1.241933e-01	
9.428550e-03	2.844620e-02	3.230370e-02	9.748300e-03	8.551750e-03	7.003285e-02	7.079460e-02	3.738935e-02	7.510605e-02	7.823790e-02	4.929245e-02	1.686846e-01	2.338785e-02	8.312795e-02	1.402899e-01	1.151779e-01	
1.823285e-02	4.732525e-02	4.459635e-02	6.319750e-03	2.581160e-02	8.574055e-02	8.185205e-02	6.644070e-02	1.022818e-01	3.266735e-02	4.370915e-02	1.140224e-01	3.084655e-02	6.141120e-02	1.626972e-01	7.604520e-02	
1.071841e-01	4.506895e-02	1.898435e-02	5.935450e-03	1.103802e-01	2.916360e-02	3.686015e-02	5.074040e-02	2.361334e-01	4.765900e-03	9.514100e-03	8.244135e-02	7.039770e-02	2.567590e-02	7.730345e-02	8.945100e-02	
4.454638e-01	4.252680e-02	2.238535e-02	1.371940e-02	7.993930e-02	6.663200e-03	7.029950e-03	1.104190e-02	8.185145e-02	5.512500e-04	2.642850e-03	5.761650e-02	1.116485e-01	1.661745e-02	3.907540e-02	6.122680e-02	
3.312804e-01	6.001350e-02	2.806072e-01	4.700205e-02	1.725655e-02	7.545450e-03	3.261490e-02	8.941800e-03	1.675960e-02	6.105500e-04	2.261040e-02	3.115300e-02	5.118480e-02	1.586765e-02	5.629165e-02	2.026050e-02	
2.727070e-02	6.081610e-02	2.718193e-01	5.657525e-02	5.647100e-03	8.089000e-03	4.664055e-02	2.366050e-02	2.613915e-02	1.411585e-02	2.825338e-01	6.933535e-02	9.752100e-03	1.493770e-02	7.119015e-02	1.147740e-02	
6.740750e-03	5.559850e-03	3.153345e-02	2.497500e-02	8.697900e-03	4.348650e-03	3.696465e-02	4.794745e-02	8.528955e-02	1.584125e-02	2.624279e-01	3.086252e-01	2.915020e-02	1.024695e-02	7.935245e-02	4.229890e-02	
6.376250e-03	2.140400e-02	5.480705e-02	4.729110e-02	5.561300e-03	1.490600e-03	1.291995e-02	1.602485e-02	4.388990e-02	1.378970e-02	1.728146e-01	1.797842e-01	3.248920e-02	3.150460e-02	1.763201e-01	1.835326e-01	
2.988300e-03	2.084335e-02	3.752865e-02	2.695635e-02	1.166045e-02	3.040750e-03	1.946765e-02	3.402005e-02	3.096585e-02	2.263015e-02	1.925696e-01	1.706961e-01	2.003880e-02	3.483155e-02	1.724504e-01	1.993120e-01	
2.089950e-03	1.556985e-02	2.520375e-02	2.278985e-02	6.264000e-03	5.122800e-03	2.156620e-02	4.839280e-02	2.050210e-02	4.493540e-02	1.560879e-01	2.004908e-01	1.364060e-02	4.461205e-02	1.443420e-01	2.283899e-01	
6.512400e-03	1.412290e-02	9.272750e-03	1.258860e-02	1.669275e-02	2.466785e-02	1.731945e-02	5.156005e-02	6.739175e-02	5.192215e-02	1.743515e-02	2.104508e-01	4.799855e-02	9.114860e-02	7.589420e-02	2.850221e-01	
2.979345e-02	8.466495e-02	1.965055e-02	4.486500e-03	2.132005e-02	1.210163e-01	2.621505e-02	1.331005e-02	2.298880e-02	3.155485e-02	1.020980e-02	5.516810e-02	8.788960e-02	2.578508e-01	9.052515e-02	1.233560e-01	
6.773215e-02	6.908140e-02	2.241695e-02	2.761400e-03	1.309546e-01	2.500026e-01	7.671100e-02	3.741880e-02	2.957930e-02	9.898350e-03	2.274755e-02	8.437535e-02	5.832005e-02	5.206650e-02	6.681590e-02	1.911815e-02	
1.299300e-01	6.789230e-02	7.512565e-02	1.363805e-02	1.082110e-01	8.226995e-02	1.064713e-01	8.409665e-02	2.610995e-02	4.107150e-03	5.995645e-02	9.851785e-02	4.095525e-02	1.491490e-02	7.688520e-02	1.091835e-02	
7.477865e-02	5.830030e-02	1.276954e-01	4.443195e-02	2.280905e-02	2.555910e-02	5.878815e-02	6.202800e-02	3.110485e-02	8.808050e-03	1.619245e-01	1.166012e-01	4.394250e-02	2.325545e-02	1.204140e-01	1.955890e-02	
3.635555e-02	1.488970e-02	5.872575e-02	6.266405e-02	1.124355e-02	5.855550e-03	2.490665e-02	7.391715e-02	7.323795e-02	9.620800e-03	1.586620e-01	2.273013e-01	6.167015e-02	1.940680e-02	1.177861e-01	4.375695e-02	
1.764005e-02	1.894375e-02	5.710340e-02	8.882000e-02	5.285500e-03	2.745000e-03	1.506760e-02	2.667475e-02	4.991250e-02	1.049830e-02	1.258406e-01	1.738291e-01	6.765345e-02	2.918600e-02	1.484101e-01	1.623898e-01	
8.303300e-03	3.188200e-02	5.163525e-02	4.867095e-02	1.130210e-02	3.049300e-03	2.166185e-02	2.535980e-02	4.058490e-02	1.386090e-02	1.447744e-01	1.472016e-01	4.243760e-02	3.593375e-02	1.707259e-01	2.026164e-01	
4.676400e-03	2.845105e-02	4.200685e-02	2.749360e-02	1.512945e-02	4.309350e-03	2.986090e-02	3.542625e-02	3.452735e-02	2.548750e-02	1.840974e-01	1.446852e-01	2.471760e-02	3.854755e-02	1.771490e-01	1.834346e-01	
3.566600e-03	2.146475e-02	3.474490e-02	1.927455e-02	1.012125e-02	7.216100e-03	3.702110e-02	4.243700e-02	3.522455e-02	5.421390e-02	1.818796e-01	1.617961e-01	1.836770e-02	4.765640e-02	1.610515e-01	1.639639e-01	
3.537300e-03	1.959985e-02	3.132575e-02	1.281720e-02	7.509650e-03	2.260070e-02	5.403760e-02	4.640320e-02	3.942070e-02	8.693265e-02	1.218228e-01	1.665210e-01	1.894060e-02	7.371305e-02	1.504719e-01	1.443460e-01	
1.795675e-02	1.918515e-02	2.236485e-02	9.901500e-03	3.156635e-02	6.096460e-02	5.580920e-02	5.450610e-02	1.061613e-01	4.612340e-02	3.960100e-02	1.657724e-01	6.264355e-02	7.634405e-02	9.911705e-02	1.319827e-01	
4.036535e-02	1.231263e-01	4.289395e-02	1.194235e-02	3.425360e-02	9.429880e-02	3.230395e-02	4.176085e-02	5.527840e-02	5.255945e-02	3.732055e-02	7.173370e-02	5.352105e-02	1.391390e-01	7.584290e-02	9.365985e-02	
3.507710e-02	1.070752e-01	3.609000e-02	5.176100e-03	8.926175e-02	1.672233e-01	7.298035e-02	7.965810e-02	5.520825e-02	3.104685e-02	3.801115e-02	6.409510e-02	3.699785e-02	7.613495e-02	7.641285e-02	2.955110e-02	
4.518985e-02	1.126559e-01	5.033475e-02	8.364450e-03	9.648350e-02	1.183097e-01	6.432640e-02	1.023608e-01	6.300165e-02	1.735250e-02	7.428110e-02	6.885910e-02	3.654805e-02	4.750580e-02	7.688605e-02	1.754050e-02	
1.022528e-01	5.515165e-02	5.931110e-02	2.450750e-02	6.263565e-02	5.451570e-02	5.758455e-02	1.210879e-01	6.819855e-02	9.729400e-03	7.251135e-02	1.153890e-01	4.842690e-02	3.559620e-02	8.564900e-02	2.745270e-02	
9.356375e-02	3.893820e-02	9.094090e-02	5.807105e-02	1.960415e-02	1.878230e-02	3.452610e-02	8.208040e-02	4.366515e-02	1.007605e-02	9.469510e-02	1.266197e-01	7.091215e-02	3.921220e-02	1.273437e-01	5.096915e-02	
4.030330e-02	3.065320e-02	7.543735e-02	8.135135e-02	9.500900e-03	8.306200e-03	2.531235e-02	6.388930e-02	5.479295e-02	1.477080e-02	1.177120e-01	1.602300e-01	6.910780e-02	3.567310e-02	1.266885e-01	8.627095e-02	
2.024960e-02	3.095825e-02	6.007865e-02	6.241845e-02	9.770250e-03	7.161150e-03	2.723850e-02	4.523340e-02	5.506790e-02	1.909190e-02	1.197664e-01	1.512240e-01	6.749680e-02	4.403790e-02	1.409948e-01	1.392121e-01	
1.360245e-02	3.429520e-02	5.877905e-02	4.590785e-02	1.268995e-02	8.207200e-03	3.760135e-02	4.275070e-02	5.025865e-02	2.517810e-02	1.311209e-01	1.415207e-01	4.969165e-02	4.696265e-02	1.472440e-01	1.541897e-01	
1.015605e-02	2.964475e-02	5.221295e-02	3.422895e-02	1.342200e-02	1.053165e-02	4.502295e-02	4.566655e-02	5.120940e-02	3.724570e-02	1.402934e-01	1.459967e-01	3.436745e-02	4.840205e-02	1.464669e-01	1.551325e-01	
9.825250e-03	2.731365e-02	4.610520e-02	2.591080e-02	1.418245e-02	1.781490e-02	4.799615e-02	4.583065e-02	5.985975e-02	5.470275e-02	1.227160e-01	1.467178e-01	3.045450e-02	5.962145e-02	1.399872e-01	1.509615e-01	
1.904350e-02	3.148865e-02	4.422805e-02	1.956175e-02	2.599655e-02	3.958895e-02	4.936600e-02	4.450125e-02	7.932225e-02	6.121730e-02	8.978385e-02	1.264811e-01	4.446870e-02	7.893565e-02	1.190468e-01	1.269696e-01	
3.229405e-02	7.236855e-02	4.704365e-02	1.712475e-02	3.537425e-02	8.286220e-02	4.156340e-02	5.143070e-02	7.394890e-02	6.680915e-02	6.024195e-02	1.014247e-01	4.215565e-02	1.069406e-01	8.306635e-02	8.535110e-02	
5.268925e-02	7.103345e-02	4.790350e-02	1.214665e-02	6.267765e-02	1.254911e-01	6.909945e-02	7.171235e-02	6.738015e-02	3.255340e-02	4.163720e-02	9.034460e-02	4.774225e-02	8.097090e-02	7.874615e-02	4.787195e-02	
7.043420e-02	7.460210e-02	6.478265e-02	2.067035e-02	6.540430e-02	7.702425e-02	6.294280e-02	1.046775e-01	6.915600e-02	1.761565e-02	4.837860e-02	1.022360e-01	5.265405e-02	5.242670e-02	8.220615e-02	3.478865e-02	
6.731545e-02	6.635185e-02	8.612920e-02	3.785205e-02	3.518615e-02	4.576950e-02	5.205670e-02	8.865635e-02	5.821655e-02	1.747015e-02	8.346355e-02	9.915995e-02	5.709445e-02	5.404430e-02	1.075626e-01	4.367120e-02	
3.506365e-02	5.355055e-02	7.881335e-02	5.038505e-02	2.151380e-02	3.026335e-02	4.857535e-02	8.328330e-02	5.600700e-02	2.882140e-02	1.146489e-01	1.297348e-01	3.422320e-02	5.294435e-02	1.079679e-01	7.420405e-02	
2.244370e-02	3.258705e-02	5.990655e-02	3.187035e-02	2.097815e-02	2.614915e-02	5.250345e-02	6.594890e-02	5.799535e-02	3.270645e-02	1.237792e-01	1.355246e-01	4.095240e-02	5.454610e-02	1.323165e-01	1.097922e-01	
4.729910e-02	2.496785e-02	3.663535e-02	3.346730e-02	3.905070e-02	1.761625e-02	2.825210e-02	6.106970e-02	1.231161e-01	2.520085e-02	7.622720e-02	1.439614e-01	9.129305e-02	4.410155e-02	8.550360e-02	1.222378e-01	
